2797134
2797529
2799879
2797618
2811126
2790011
2799678
2811239
2811276
2809801
2809873
2792907
2799338
2793101
2799339
2793362
2811044
2811081
2798709
2799670
2812697
2810861
2810863
2810864
2810866
2810899
2810915
2810916
2810246
2810715
2793494
2810972
2810983
2810982
2810987
2810989
2809862
2809799
2811023
2811110
2796371
2811092
2810855
2810823
2810783
2811552
2810753
2811714
2796497
2796380
2796423
2796518
2796527
2809870
2810988
2811080
2808530
2811187
2811415
2811251
2812624
2811871
2811873
2810957
2811059
2810933
2810597
2810900
2810868
2810860
2810858
2810528
2809631
2808196
2810956
2810665
2810598
2811593
2811646
2811735
2811790
2812668
2810020
2810076
2823413
2818710
2818701
2818728
2823356
2823362
2823388
2821499
2823343
2823335
2823523
2823577
2839212
2823475
2822389
2822393
2829555
2837938
2839109
2829642
2839513
2839081
2839324
2839551
2829602
2839024
2838638
2838885
2838494
2838612
2838834
2839180
2838420
2838340
2838060
2838470
2838175
2838192
2838033
2837481
2837565
2838673
2838081
2838573
2829285
2829259
2838075
2838352
2838320
2838291
2829452
2829534
2829543
2829512
2829429
2838021
2843875
2837605
2837614
2837637
2837954
2838092
2830179
2838118
2837970
2838244
2837690
2837699
2837730
2829304
2829346
2837678
2839253
2829238
2829222
2837750
2837762
2837806
2837835
2837421
2841527
2841105
2840789
2841581
2841617
2841535
2841434
2843119
2843164
2841200
2841359
2841339
2841303
2841248
2838294
2838332
2838379
2838456
2843953
2841519
2841948
2841128
2841084
2841050
2841145
2841144
2841146
2843667
2837209
2837175
2837185
2837210
2837319
2841740
2841715
2841681
2870474
2870546
2870358
2870401
2870089
2870156
2869878
2870079
2837888
2870056
2869976
2869983
2869817
2867262
2870044
2843124
2843115
2869965
2867213
2867219
2867206
2869961
2869691
2867223
2869954
2867174
2867173
2869932
2867245
2869710
2843085
2843082
2843064
2842971
2842936
2842927
2867159
2866851
2842742
2842733
2842604
2842576
2870356
2867068
2867071
2851129
2851182
2851206
2851252
2851280
2866893
2864109
2870322
2867134
2867185
2867184
2866944
2866962
2866985
2867003
2867015
2867023
2867191
2867192
2867067
2863587
2863317
2863230
2866661
2870279
2870068
2853185
2851333
2863774
2853251
2866621
2866629
2853106
2863592
2863602
2863689
2853341
2853339
2863549
2853331
2853326
2866782
2869923
2864224
2866584
2863827
2856502
2856469
2853345
2870825
2863919
2870312
2856352
2856316
2863991
2864034
2870457
2870633
2863658
2863677
2870587
2853308
2867085
2853359
2870578
2870571
2870411
2870412
2870473
2875552
2875517
2875471
2870104
2870601
2870410
2870392
2870125
2870309
2870307
2870592
2870596
2870357
2870378
2863797
2865206
2870323
2867201
2870083
2870093
2870092
2870096
2870219
2870182
2867072
2870340
2867333
2870107
2870108
2870109
2867220
2864352
2870100
2870101
2867026
2867027
2867025
2866943
2867088
2867209
2867194
2867195
2866990
2866979
2870280
2870281
2864536
2864497
2864475
2864456
2864424
2866936
2866920
2861834
2861816
2861794
2867002
2867014
2867017
2867182
2866903
2863488
2863476
2863427
2863411
2866952
2866951
2861634
2861524
2866695
2866737
2867044
2861723
2864775
2864826
2866577
2866883
2866525
2866606
2866628
2866660
2865176
2865175
2866434
2870750
2866495
2866317
2866353
2866381
2870603
2870610
2870060
2870062
2870064
2863260
2863214
2863148
2863192
2866524
2863383
2863361
2866390
2861901
2861416
2861481
2861507
2866065
2866133
2870088
2866197
2866221
2870781
2866833
2865140
2865128
2866145
2866168
2865162
2865160
2865150
2865121
2865108
2865105
2866236
2866273
2866287
2866100
2871048
2864217
2871029
2864644
2864643
2865063
2863906
2863580
2863639
2863603
2863696
2863548
2864205
2864196
2864157
2864035
2870454
2870455
2870456
2870472
2866182
2870501
2864881
2864882
2864861
2870547
2870520
2866089
2866542
2866556
2870521
2870529
2870425
2870844
2870849
2870776
2870838
2871031
2871030
2875363
2875349
2871764
2872217
2873978
2871945
2873989
2872177
2873907
2873917
2873793
2873819
2872506
2873930
2873987
2873619
2873630
2873721
2873986
2873963
2873964
2872271
2873891
2873295
2872690
2872704
2872709
2873437
2872648
2872294
2871630
2873277
2871536
2873461
2872597
2871975
2872024
2871616
2873322
2873417
2873361
2873274
2873259
2873234
2873034
2885468
2885552
2872324
2872145
2872989
2883158
2871608
2873573
2871802
2872243
2871576
2871577
2871610
2871611
2874874
2871619
2871842
2871317
2872741
2873888
2873908
2871617
2871974
2871185
2870084
2870069
2870057
2870043
2872505
2872703
2872649
2872600
2873245
2871152
2871032
2873201
2871660
2870005
2869975
2870976
2871015
2872566
2873055
2873160
2873185
2871128
2870692
2872392
2872453
2872144
2872143
2870791
2870826
2873618
2871893
2872971
2872897
2872756
2875323
2875285
2875247
2870999
2870602
2871258
2870660
2873674
2870987
2872451
2871132
2875424
2875415
2875388
2874098
2870777
2870848
2871657
2874504
2870699
2870907
2885128
2872025
2870714
2871801
2881665
2870744
2881725
2881734
2881735
2870929
2881607
2881721
2884808
2883170
2881402
2883554
2881538
2881480
2883597
2881618
2884717
2882533
2882523
2882555
2881504
2883119
2882626
2882651
2883159
2884389
2884178
2884135
2884100
2884039
2881370
2884449
2880915
2882509
2882686
2882687
2882747
2882777
2881457
2884845
2881609
2873738
2873776
2874026
2881337
2874448
2874658
2881445
2884632
2884669
2886387
2886438
2886339
2886291
2881390
2881404
2881382
2881258
2880797
2880782
2881314
2881364
2881348
2881334
2884265
2880826
2880839
2880877
2880910
2886185
2886222
2886193
2886205
2885908
2881204
2881054
2881292
2886163
2886104
2886051
2886025
2883511
2881189
2881675
2880701
2885997
2885773
2885834
2885402
2883249
2883334
2883375
2883433
2883392
2881619
2881623
2881629
2885744
2885728
2880926
2881631
2881747
2880952
2885973
2886002
2885229
2880568
2880598
2890697
2890604
2893113
2892975
2892691
2895465
2895466
2895509
2896362
2890546
2893049
2893007
2893127
2892907
2904801
2904753
2904809
2905253
2905262
2905264
2904792
2905290
2904663
2902748
2902746
2902744
2902743
2904659
2904651
2904652
2904653
2904658
2904657
2904678
2924561
2921594
2921659
2921608
2921698
2928132
2924515
2924512
2924553
2927903
2924490
2924494
2924598
2924564
2924500
2924511
2927727
2927667
2927805
2927769
2923815
2924409
2924539
2924528
2923861
2924355
2924423
2923909
2924025
2927668
2924129
2924374
2924445
2927577
2927338
2924390
2924384
2924436
2927822
2924470
2923790
2927522
2927593
2924519
2924157
2924332
2924330
2937138
2937684
2937151
2937201
2937632
2935758
2937140
2936904
2936568
2935693
2936408
2936214
2936442
2936994
2936979
2936811
2935866
2936635
2936548
2937114
2935372
2937671
2935296
2936048
2935302
2935730
2937493
2949308
2949266
2948267
2948200
2948642
2948624
2948614
2948600
2947939
2947877
2947602
2947759
2947344
2944902
2947880
2947929
2949159
2949786
2948574
2949311
2947832
2950260
2947926
2947409
2947379
2947489
2950372
2947456
2948006
2961690
2962076
2947200
2961436
2962012
2960996
2961788
2961012
2961750
2957754
2960919
2961082
2960835
2959375
2956899
2957145
2957196
2957227
2957257
2959328
2962000
2960947
2957772
2959355
2956560
2960360
2959274
2955394
2955395
2955393
2960749
2959299
2962050
2961695
2960579
2960619
2960277
2957249
2957694
2960808
2959224
2960208
2971146
2968401
2971619
2971657
2971527
2971554
2968402
2968453
2972216
2972192
2972183
2971989
2971803
2971241
2971268
2971437
2971251
2971249
2971200
2972292
2971736
2971647
2990290
2972177
2989740
2975932
2975936
2990122
2976264
2989684
2989699
2976265
2989547
2989566
2989518
2989570
2976272
2990958
2990274
2991842
2991922
2988967
2991875
2988816
2990452
2988790
2988810
2989022
2989002
2988786
2991824
2988785
2991777
2991704
2988787
2989473
2990259
2990239
2990255
2990215
2988820
2988773
2988718
2990264
2997637
2995010
2995031
2994986
2997426
3009856
2998903
2998887
2998878
2998872
2997369
3008057
3009763
3007993
3006812
3009569
3009466
3006811
3006883
3006936
3006971
3009445
3004798
3006735
3008753
3009052
3006638
3006768
3006653
3009825
3004744
3004869
3018268
3018248
3009812
3018142
3018084
3018123
3017047
3017307
3019079
3014196
3014203
3014207
3017819
3019042
3018022
3018051
3028250
3029173
3028209
3026510
3028899
3029039
3029124
3028009
3028701
3028300
3028215
3027961
3062225
3062291
3062265
3058343
3058298
3058329
3056214
3056207
3056199
3067224
3067213
3067497
3067542
3067478
3062605
3062668
3062577
3067569
3067549
3067498
3067110
3067436
3067192
3067215
3067603
3067595
3067620
3062457
3062515
3062514
3062528
3067159
3066038
3066200
3067634
3062399
3062490
3065911
3066185
3067039
3066960
3067322
3067119
3066073
3062846
3062770
3066039
3066224
3067178
3067408
3066455
3066558
3067621
3062745
3077786
3077598
3077306
3077253
3077314
3067201
3067298
3067314
3067284
3067644
3066118
3077280
3077285
3077585
3077615
3077366
3077499
3077572
3077270
3077231
3077307
3077651
3076760
3076571
3066241
3067145
3076520
3077691
3065990
3066886
3066938
3072986
3077141
3077072
3077233
3077261
3075883
3076339
3075687
3077169
3077176
3077206
3072643
3072597
3072624
3076273
3076648
3076768
3077284
3076749
3076692
3076825
3077442
3076519
3076531
3076976
3077262
3072533
3075922
3075809
3076883
3074915
3077248
3072922
3072847
3072951
3072937
3077210
3072450
3072459
3072524
3077223
3077175
3077102
3074759
3074712
3072542
3072568
3076486
3076402
3077207
3077273
3087380
3085827
3086933
3076375
3077258
3087399
3087005
3087021
3077257
3077263
3086627
3086741
3086692
3086331
3087359
3086280
3086391
3087339
3082424
3087337
3085861
3085728
3082491
3082591
3085644
3085185
3085777
3085885
3082324
3082337
3082349
3082387
3082388
3082414
3086230
3085900
3087333
3086442
3086504
3085790
3085807
3095132
3094811
3094707
3094754
3094653
3094623
3096463
3094957
3094483
3095430
3103100
3103150
3105729
3103178
3105742
3105704
3105719
3102984
3103046
3103047
3103068
3105697
3102975
3103024
3113814
3121512
3121540