8955035
8955077
8955499
8955511
8956353
8958659
8958661
8958663
8958665
8962499
8962505
8962511
8962513
8962545
8962547
8962549
8962551
8962553
8962559
8962565
8962567
8962569
8962571
8962573
8962579
8962581
8962585
8962587
8962597
8962603
8962613
8962615
8962623
8962627
8962631
8962635
8962641
8962643
8962645
8962647
8962821
8962831
8964595
8969251
8969257
8969265
8969269
8969275
8969277
8969279
8969285
8969305
8969317
8969319
8969407
8969421
8969459
8969465
8969467
8969475
8969477
8969525
8969545
8969571
8969573
8969577
8969607
8969627
8969655
8969659
8969667
8969713
8969735
8969749
8969751
8969759
8969761
8969765
8969771
8969773
8969783
8969791
8969793
8969795
8969797
8969801
8969817
8969819
8969821
8969827
8969829
8969833
8969835
8969845
8969849
8969851
8969857
8969881
8969885
8969887
8965891
8965899
8965901
8965915
8965921
8965927
8965931
8965935
8965937
8965939
8965941
8965951
8965955
8965957
8965959
8965961
8965963
8965967
8965969
8965971
8965973
8965977
8965983
8965989
8965991
8965997
8965999
8966009
8966011
8966397
8968221
8968225
8968227
8968237
8968239
8968245
8968247
8968249
8968251
8968255
8968257
8968259
8968261
8968263
8968269
8968273
8968275
8968279
8968281
8968283
8968287
8968289
8968291
8968293
8968295
8968297
8968299
8968301
8968303
8968305
8968307
8968309
8968313
8968315
8968317
8968321
8968323
8968329
8968335
8968339
8968341
8968345
8968349
8968355
8968357
8968359
8968361
8968363
8968365
8968367
8968377
8968379
8968381
8968383
8968385
8968387
8968389
8968391
8968395
8968397
8968399
8968405
8968407
8968409
8968411
8968413
8968415
8968421
8970575
8970583
8970585
8970587
8970589
8970591
8970593
8971501
8971507
8971509
8971511
8971513
8971515
8971523
8971527
8971529
8971559
8971567
8971571
8971573
8971585
8971587
8971589
8971599
8971603
8971617
8971619
8971621
8971623
8971625
8971627
8971631
8971647
8971655
8971659
8971699
8971701
8971703
8971757
8971765
8971775
8971781
8971789
8971791
8971799
8971805
8971807
8971809
8971813
8971817
8971819
8971821
8971825
8971827
8971829
8971831
8971833
8971835
8971841
8971843
8971845
8971847
8971849
8971851
8971853
8971855
8972485
8972495
8972507
8972509
8974625
8974627
8974629
8974631
8974643
8974645
8974657
8974663
8974671
8974673
8974675
8974677
8974679
8974681
8974683
8974689
8974691
8974697
8974701
8974703
8974707
8974711
8974713
8974715
8974717
8974729
8974731
8974733
8974737
8974743
8974747
8974749
8974753
8974757
8974765
8974767
8974771
8974773
8974781
8974783
8974793
8974797
8974799
8974801
8974803
8974807
8974809
8974811
8974813
8974815
8974817
8974821
8974823
8974825
8974827
8974829
8974835
8974841
8974843
8974845
8974849
8974851
8974855
8974859
8974863
8974865
8974867
8974871
8974873
8974877
8974883
8974893
8974905
8974907
8974913
8974917
8974919
8974921
8974927
8974929
8974931
8974933
8974935
8974939
8974945
8974947
8974951
8974953
8974955
8974959
8974961
8974963
8974969
8974971
8974981
8974983
8974985
8974987
8974997
8975021
8975025
8975063
8975065
8975075
8975079
8975085
8975301
8975305
8975311
8975321
8975323
8975331
8975333
8975335
8975341
8975345
8975347
8975353
8975355
8975357
8975359
8975361
8975363
8975365
8975371
8975381
8975385
8975387
8975389
8975391
8975393
8975395
8975397
8975403
8975407
8975409
8975411
8975413
8975417
8975419
8975421
8975423
8975427
8975431
8975433
8975435
8975437
8975439
8975441
8975443
8975445
8975451
8975453
8975739
8976893
8980383
8980385
8980421
8980453
8980455
8980457
8980459
8980463
8980465
8980469
8980489
8980491
8980493
8980499
8980543
8980683
8980691
8980693
8980695
8980697
8980723
8980731
8980733
8980735
8980753
8980761
8980783
8980797
8980839
8980847
8981183
8981199
8981205
8981209
8981211
8981213
8981217
8981231
8981243
8981245
8981247
8981251
8981259
8981325
8981359
8981367
8981369
8981371
8981373
8981389
8981391
8981503
8981505
8981741
8981757
8981841