8647595
8646067
8645639
8644817
8644805
8619853
8542169
8542167
8540253
8523483
8523481
8523479
8523473
8523465
8523463
8523461
8523459
8523457
8460981
8451855
8451759
8437263
8436425
8427093
8419343
8416677
8410555
8410139
8408537
8407821
8406517
8404943
8403971
8399573
8399495
8398683
8398489
8397195
8392729
8392723
8389525
8389521
8389519
8389511
8389491
8389487
8389485
8389483
8389473
8386761
8381493
8379593
7955693
7426471
7290449
7276955
7229013
7228625
7159821
6978067
6898707
6896245
6827189
6826943
6826771
6824569
6766631
6763743
6750137
6750113
6323511
6310781
6245515
6171099
6164135
6164027
6111025
6098167
6043401
6036003
6027343
5850503
5849471
5767509
5762803
5690473
5673373
5602103
5546699
4949425
4454389
4254399
4180669
4174765
4173775
4168031
4161017
3929874
3801242
3761693
3679537
3634331
3633349
3624340
3624250
3624063
3624061
3624060
3622800
3622799
3622492
3604208
3602614
3602609
3602605
3602417
3598299
3598110
3597859
3597424
3597420
3596443
3596425
3596102
3594727
3593956
3593945
3593156
3591702
3591697
3591591
3591175
3590252
3590132
3589954
3587191
3587190
3587184
3587180
3586669
3586668
3586664
3586663
3586656
3586651
3586648
3586645
3585265
3585263
3585243
3584585
3584581
3584564
3584434
3582023
3582022
3582021
3582019
3582018
3582017
3582012
3582010
3582008
3582004
3582003
3581998
3581996
3581993
3581990
3581252
3581244
3580018
3579240
3578333
3578331
3577401
3577399
3577287
3574655
3574648
3572759
3572758
3572757
3572756
3572168
3569030
3567141
3566183
3560631
3560630
3560629
3560628
3560627
3560626
3560519
3559497
3559334
3558672
3558553
3558552
3558351
3558202
3557492
3557393
3556522
3556185
3555197
3555158
3555157
3555140
3555139
3554540
3554356
3554355
3554241
3553686
3553529
3553528
3553527
3552876
3552875
3552874
3552873
3552872
3552871
3551932
3551605
3551006
3551005
3550680
3550638
3549199
3548184
3548183
3548182
3548181
3548180
3548179
3548178
3548177
3548170
3548169
3548168
3548167
3548166
3548165
3548164
3548163
3548162
3548161
3547330
3547163
3546579
3546578
3546477
3546251
3546250
3546249
3546248
3546247
3546246
3546034
3545595
3545534
3545532
3545480
3545438
3545437
3545436
3545122
3545115
3545114
3545026
3545022
3545021
3545020
3545019
3545018
3545017
3545016
3545014
3545013
3545012
3545011
3545010
3545005
3545004
3545003
3545002
3545001
3544999
3544998
3544997
3544996
3544995
3544993
3544992
3544991
3544990
3544989
3544985
3544984
3544983
3544982
3544981
3540077
3540011
3539258
3539257
3539256
3539255
3539199
3539194
3539188
3539187
3538459
3538458
3538457
3536792
3535825
3535711
3535566
3535028
3535027
3535026
3534617
3533581
3532752
3529114
3526822
3525877
3521243
3520294
3519399
3519398
3519272
3519258
3517937
3517917
3517916
3517626
3517621
3517620
3516829
3516732
3516526
3516037
3516036
3515985
3515962
3515921
3515920
3515919
3515918
3515354
3514679
3513895
3513782
3513342
3513310
3513307
3513306
3513261
3512776
3512726
3512697
3512543
3512525
3512524
3512523
3512522
3512521
3511964
3511945
3511944
3511943
3511942
3511941
3511476
3511434
3511129
3510963
3510909
3510847
3509367
3509209
3509000
3508878
3508877
3508876
3508875
3508494
3508493
3507791
3507682
3507681
3507680
3507679
3507177
3507175
3507073
3506739
3506735
3506731
3506730
3506727
3506726
3506725
3506724
3506723
3506702
3506700
3506698
3506696
3506695
3506694
3506691
3506680
3506679
3506678
3506661
3505930
3505635
3505590
3505581
3505575
3505573
3504421
3504395
3504394
3504393
3504392
3504391
3504390
3502436
3502435
3502031
3502016
3501919
3501918
3501785
3501567
3499908
3499384
3499035
3498672
3498671
3498512
3497996
3497089
3497088
3496938
3496775
3496774
3496362
3496347
3496138
3495514
3495219
3493997
3493976
3474909
3472622
3465482
3462881
3462879
3442976
3429670
3409479
3408831
3408830
3401447
3398178
3397302
3395828
3393863
3369783
3363982
3363981
3363705
3360886
3360885
3360880
3360879
3357233
3287432
3169369
3097133
3097132
3097131
3094529
3094528
3094527
3085303
3084144
3066456
3054958
3026731
3026139
3024324
3019123
3019043
3018819
2961252
2961251
2960218
2950964
2937321
2937187
2933694
2933693
2933692
2933691
2921676
2912403
2875423
2873807
2716745
2716744
2716060
2716059
2716058
2716057
2716056
2715780
2715779
2715778
2715777
2715776
2694121
2689427
2611596
2610709
2532246
2437977
2389176
2389174
2389173
2389172
2389171
2389170
2389169
2389168
2389167
2389166
2380058
2379481
2379480
2379478
2379477
2379476
2379475
2379474
2379473
2366175
2366154
2366153
2360257
2288212
2229113
2229112
2229111
2229110
2229109
2229056
2229055
2229054
2229053
2229052
2169830
2169527
2169526
2169525
2169524
2169523
2169522
2169521
2169520
2169519
2161939
2155678
2090578
2090577
2090576
2090575
2090574
2090573
2090407
2090406
2090405
2090404
2090397
2090396
2090395
2090394
2090393
2090392
2090391
2090390
2090389
2088858
2083935
2082804
2082803
2082802
2082801
2082800
2082799
2082798
2082797
2082796
2082795
2082794
2082793
2082792
2077773
2027122
2022212
2022211
2022210
2022209
2022208
2022207
2022206
2022205
2022204
2022203
2022202
2022201
2022200
2022194
2022193
2022192
2022191
2022190
2022189
2022188
2022187
2015247
2011357
2010007
2005374
2005373
2005372
2005371
2005370
2005369
2005368
2005366
2005365
2004305
1960677
1960676
1960675
1960674
1960673
1960672
1960671
1960670
1959010
1954936
1954935
1954688
1954070
1942085
1905527
1905526
1905525
1905524
1905518
1905517
1905516
1905515
1905514
1905499
1905498
1905497
1905496
1905495
1905423
1905422
1905421
1905420
1905404
1905403
1905402
1905393
1905392
1903872
1903746
1899090
1892790
1826998
1826975
1826971
1826883
1826812
1826740
1826661
1826631
1826585
1826534
1826531
1826468
1826461
1821420
1821160
1821148
1821085
1820906
1820694
1820542
1819341
1814863
1814482
1814402
1814377
1814357
1814256
1814199
1814111
1775005
1774651
1768346
1768345
1768344
1768343
1768342
1768341
1768340
1768339
1768338
1768337
1763386
1762390
1713512
1712553
1712552
1703562
1703561
1703373
1703372
1703371
1703370
1703369
1703368
1703287
1692451
1692450
1692449
1692448
1692447
1692446
1692445
1691311
1691310
1691309
1691308
1691307
1691306
1691305
1691304
1691303
1648994
1648993
1648992
1640265
1634141
1628553
1560245
1560244
1560243
1560242
1560241
1560240
1560239
1560238
1560237
1560236
1560235
1558085
1558038
1558037
1558035
1558034
1558033
1558032
1558031
1558030
1511301
1510183
1510182
1510181
1510180
1510179
1510178
1510177
1510176
1510175
1510174
1510173
1493203
1487628
1487319
1487317
1441796
1439212
1425980
1425348
1413212
1412380
1366677
1366676
1365298
1360036
1359944
1358720
1345901
1345900
1299222
1299174
1288836
1288666
1271893
1271267
1269949
1223482
1220820
1207278
1104653
918010
918009
839981
839961
820638
819161
714879
712018
686904
686903
680282
631776
616855
616854
616853
616852
616850
616849
616848
616847
559256
559255
557011
553975
553940
484174
439687
439654
439653
321581
313256
298519
298505
294658
294133
294028
294019
292909
292908
292907
292906
292905
277354
277353
277352
277351
228447
228074
218333
218329
218305
218304
218260
217869
216712
215009
214900
213604
213394
195684
195683
195682
195681
195680
195679
195677
189388
186268
185703
185397
184142
183561
182908
182790
180967
179946
179829
179545
179543
179542
179537
179534
179532
179530
179529
179528
179527
179526
179524
179523
179522
179519
179518
179517
179516
179515
179514
179513
179512
179511
179510
179509
179505
179504
179503
175736
173629
173547
173277
172855
172030
172027
170990
167887
167855
167854
167853
167852
167851
167850
167849
159348
159347
158493
158325
157210
157193
155675
155672
155671
155670
155290
154544
154543
154542
149327
148350
147612
147599
147598
147597
147084
147060
147059
147013
144817
144816
144724
144697
144372
144240
137947
136498
136406
135994
135056
134928
134062
133925
133924
133709
133707
133702
131714
131356
131173
131166
131147
131146
131145
131067
131056
130824
130633
130578
129802
129777
129471
129470
129373
129200
129198
129186
129112
127991
127990
127988
127448
126796
126122
125807
125692
125691
125690
125687
125686
125663
125411
125396
125395
125385
125116
124803
124578
124574
124531
123797
121747
121165
120714
120713
120712
120490
120139
119925
119815
118474
118355
118182
116972
116542
116539
114739
114012
113906
113718
113717
113704
113619
113505
113503
113502
113462
113350
113275
113081
112732
112119
111797
111784
111355
111136
111092
110821
110676
110336
110315
110313
110264
109903
109743
109742
108752
104226
102911
102845
102547
102475
101742
101396
101356
101063
100422
100366
100224
100223
99924
99662
99148
99018
98831
98648
98640
98631
98607
98397
98288
97756
97651
97616
97614
97608
97526
97486
97484
97483
97375
97374
97373
97177
97140
97127
97107
97048
96898
96897
96640
96626
96625
94913
94786
94708
94692
94688
94474
93555
93276
93250
93098
93094
92362
92336
91608
91175
90962
90914
90913
90912
90911
90834
90226
90092
89743
89742
89631
89542
89506
89505
89152
89150
89149
87778
87552
87551
87550
87549
87548
87547
87546
87545
87544
87543
87542
87541
87540
87539
87538
87537
87536
87535
87533
87531
87530
87529
87528
87527
87525
87516
87316
87303
87291
87257
87256
87255
87254
87253
87252
87106
87049
87015
87002
86965
86962
86658
86657
86656
86655
86353
86241
86112
85832
85831
85239
85229
85181
85019
84967
84924
84586
83856
83773
83316
83256
83255
83174
83140
82849
82637
82636
82635
82634
82633
82632
82631
82630
82261
80418
80342
80323
80273
80023
80020
79320
79305
79107
78978
78976
78975
78974
78921
78920
78903
78218
78216
77827
77753
77745
77586
77582
77581
77349
77335
77305
77222
77097
77091
77089
77086
77085
77083
77082
77081
77079
77078
77077
77076
77075
77074
77071
77070
76562
76344
76343
76323
76270
76180
76179
5586
5563
5560
5523
5477
5197
5193
5167
5165
5164
5163
5162
5155
5154
5153
5152
4391
4239
4100
3979
3684
2355
2313
2112
2090
1868
