删除以下视频，并屏蔽个人主页显示

直播大秀 http://video.duowan.com/u/919407099
卖茶叶蛋的 http://video.duowan.com/u/549757700927
那个男人要起飞 http://video.duowan.com/u/2174968534
拍热舞 http://video.duowan.com/u/1797374280
衰妹秀场 http://video.duowan.com/u/2194937174
zqcok123456 http://video.duowan.com/u/1864909605
打跑小怪兽 http://video.duowan.com/u/1477188748
KKlife http://video.duowan.com/u/347903615
三岁_KID http://video.duowan.com/u/1234402053
跑堂的企鹅 http://video.duowan.com/u/1089119297
小明的春天 http://video.duowan.com/u/1816111493
newqq__xjy5kevg http://video.duowan.com/u/1819815984
主播福利 http://video.duowan.com/u/1367791446
月光宝盒懂得加 http://video.duowan.com/u/1781010262
扒姐的扒扒圈 http://video.duowan.com/u/143301980
RD夏夏：诚招大神游戏、星秀美 http://video.duowan.com/u/1304654783
天天福利 http://video.duowan.com/u/1431700217
blue http://video.duowan.com/u/50075828

uids：
919407099,549757700927,2174968534,1797374280,2194937174,1864909605,1477188748,347903615,1234402053,1089119297,1816111493,1819815984,1367791446,1781010262,143301980,1304654783,1431700217,50075828



vids如下：




2609888
2609991
2610947
2617198
2617505
2617795
2630173
2631581
2635883
2641362
2642553
2677280
2689015
2689263
2715178
2715980
2724875
2725045
2760407
2770943
2771686
2783690
2784668
2794600
2794649
2794904
2806312
2808010
2809807
2837411
2837622
2837675
2842279
2849115
2849218
2849267
2858010
2859102
2869894
2870154
2880555
2881146
2900538
2902745
2910662
2911013
2912870
2921609
2921742
2922420
2932788
2932820
2933026
2956494
2956506
2956871
2977364
2986321
2986348
2986602
2988376
2994773
2994802
2994993
2995048
2995277
3004379
3004573
3004611
3014202
3014284
3014791
3025034
3026116
3052156
3052602
3052655
3052722
3053097
3062791
3062955
3063141
3072834
3073056
3074436
3082918
3083451
3084465
3085910
3092267
3101402
3101739
3110624
3110669
3111475
3119806
3128757
3143759
3143873
3148034
3148041
3161904
3168826
3169384
3175948
3175982
3176011
3179571
3182959
3183103
3190610
3196135
3196164
3202266
3202291
3202303
3202963
3205352
3205745
3205785
3205851
3232085
3232097
3244981
3244984
3272872
3275777
3276337
3276584
3279458
3279474
3283477
3283620
3284040
3286837
3287562
3287675
3287732
3292616
3294414
3294415
3294426
3294443
3309468
3309643
3352949
3356443
3356518
3357044
3360092
3360645
3363669
3363833
3366946
3367081
3367113
3370163
3370164
3370367
3373071
3373102
3373406
3373574
3378115
3378224
3386368
3386388
3386399
3387711
3393317
3393354
3393382
3393909
3394062
3395818
3395845
3396734
3400328
3400593
3404108
3404648
3404756
3407627
3407674
3408391
3408606
3408755
3408758
3408766
3408767
3408768
3415909
3429641
3429700
3432604
3433118
3433123
3433219
3433232
3435895
3435914
3439128
3439180
3439491
3439756
3439757
3439759
3442900
3443582
3448505
3455744
3462285
3462882
3465557
3465558
3465620
3466086
3466094
3466145
3468868
3469455
3469608
3471870
3471932
3472330
3472450
3472451
3472518
3474833
3474860
3475639
3475683
3475884
3476071
3498352
3498442
3498859
3498950
3498968
3498971
3499333
3499483
3499490
3499845
3499869
3499961
3500382
3500626
3500630
3500879
3500975
3501061
3501251
3501256
3501269
3501382
3501420
3501421
3501442
3501445
3501766
3502192
3502377
3502991
3503291
3503292
3503374
3503388
3503669
3503714
3503716
3503952
3504038
3504328
3504333
3504372
3504526
3505412
3505437
3505883
3506031
3506044
3506421
3506433
3507002
3507041
3507062
3507630
3507646
3507649
3507650
3507656
3507805
3507808
3508185
3508194
3508239
3508259
3508266
3508267
3508395
3508398
3508399
3508407
3508408
3508409
3508410
3508418
3508426
3508437
3508439
3508822
3508824
3508838
3508842
3508844
3508845
3508846
3509057
3509071
3509550
3509552
3509556
3509558
3509721
3510159
3510160
3510166
3510184
3510519
3510522
3510535
3510538
3510541
3510825
3510970
3510975
3510981
3510982
3510986
3510987
3511003
3511004
3511005
3511008
3511009
3511379
3511385
3511391
3511406
3511481
3511484
3511487
3511490
3511503
3511505
3511506
3511510
3511511
3511890
3511899
3511952
3512101
3512491
3512494
3512513
3512519
3512614
3512620
3512623
3512625
3512632
3512636
3512638
3512645
3513070
3513097
3513098
3513100
3513112
3513131
3513135
3513137
3513234
3513243
3513245
3513246
3513249
3513250
3513252
3513259
3513260
3513278
3513684
3513690
3513691
3513693
3513708
3513709
3513710
3513711
3514084
3514086
3514090
3514091
3514468
3514480
3514483
3514495
3514642
3515175
3515226
3515355
3515358
3515359
3515860
3515870
3515926
3515938
3515939
3516043
3516066
3516067
3516068
3516069
3516072
3516073
3516074
3516075
3516076
3516077
3516195
3516507
3516517
3516524
3516534
3516580
3516588
3516708
3516710
3516713
3516719
3516740
3516741
3516747
3516752
3516753
3516754
3516757
3516758
3517176
3517178
3517197
3517238
3517254
3517392
3517393
3517395
3517396
3517398
3517399
3517405
3517417
3517419
3517420
3517432
3517923
3517930
3517934
3517936
3518327
3518328
3518329
3518600
3518602
3518604
3518609
3518616
3518617
3518619
3518620
3518704
3518711
3518713
3518714
3519321
3519949
3519971
3519972
3519973
3519974
3519975
3520781
3520796
3520833
3520998
3521007
3521016
3521022
3521026
3521035
3521042
3521061
3521062
3521063
3521617
3521618
3521628
3521656
3521659
3521671
3521788
3521792
3521797
3521799
3521803
3521826
3521827
3521830
3521831
3522557
3522580
3522581
3522582
3523482
3523514
3523607
3524392
3524399
3524417
3524827
3525193
3525196
3525212
3525261
3525827
3525876
3525911
3525913
3527526
3527531
3528770
3528792
3528803
3528807
3528823
3529442
3529520
3529884
3529900
3529909
3529925
3530721
3530782
3530783
3530794
3530804
3531561
3531575
3531630
3532638
3532648
3532651
3532667
3533481
3533536
3533538
3534494
3534511
3534514
3534535
3534557
3535546
3535549
3535556
3537033
3537812
3537817
3537818
3538218
3538226
3538227
3538354
3538362
3538370
3538395
3539128
3539129
3539132
3539162
3541352
3541360
3541366
3541564
3541566
3541567
3542159
3542389
3542390
3543016
3543017
3543887
3543888
3543890
3543891
3544059
3544110
3544111
3545310
3545384
3545987
3545996
3546033
3546960
3546970
3547025
3547835
3547838
3547856
3547892
3547899
3547945
3548976
3549022
3549679
3549681
3549714
3549715
3549716
3549717
3550141
3550147
3550149
3550479
3550484
3550640
3550644
3551519
3551524
3551549
3551594
3551630
3552410
3552422
3552449
3552491
3553218
3553219
3554222
3554234
3554235
3554238
3554278
3555098
3555644
3556089
3556097
3556100
3557156
3557176
3558147
3558150
3558159
3558637
3560514
3560516
3560521
3560531
3561814
3561816
3561818
3562474
3562478
3562479
3562481
3562486
3562537
3563366
3563369
3564558
3564562
3564575
3564582
3564593
3565906
3565914
3565922
3565924
3565925
3566970
3567138
3567176
3567182
3568178
3568198
3568212
3569575
3570109
3570127
3570671
3571575
3571583
3571585
3572590
3572597
3572618
3572815
3572827
3572829
3572833
3572843
3573444
3573448
3573491
3573684
3573732
3573745
3573748
3573752
3573763
3573775
3574541
3574867
3574870
3574872
3575818
3575820
3575822
3575828
3575974
3576610
3576618
3576619
3576621
3576866
3576870
3577090
3577091
3577109
3577110
3577971
3577976
3577979
3578038
3579006
3579011
3579029
3579031
3579033
3579035
3580010
3580970
3580992
3581906
3581909
3581911
3582661
3582696
3583116
3583118
3584065
3585105
3585116
3586169
3586174
3587234
3587538
3588360
3588375
3588390
3589921
3591118
3591121
3592391
3594068
3594069
3595721
3595727
3595734
3597553
3597574
3601910
3601915
3603633
3603787
3603824
3622657
3627684
3627696
3681197
3690843
3747748
3748398
3801243
3801252
3801273
3801293
3801356
3809913
3810383
3852721
3853165
3995807
4000090
4000321
4066032
4066186
4160935
4161109
4161173
4254097
4350967
4351073
4353059
4353777
4442125
4442237
4936249
4936259
4936489
5018935
5019271
5101873
5101961
5102091
5102411
5120835
5121165
5121253
5121679
5121773
5123005
5208173
5521453
5673109
5675141
5676763
5676819
5747391
5747525
5747619
6026781
6027241
6027261
6027367
6027519
6096827
6097085
6097187
6097355
6162435
6163761
6234167
6234329
6622217
6622243
6622391
6622433
6687047
6687601
6694453
6694621
6748847
6820279
6820359
6820619
6824975
6882015
6883983
6884087
6884291
7005107
7146481
7146689
7147465
7212655
7212815
7276139
7276157
7338107
7340525
7340537
7350441
7419161
7486597
7486687
7486899
7487007
7487047
7487263
7872747
7873115
7873135
7873209
8301596
8435435
8435437
8441129
8441131
3552895
3553747
3553777
3556112
3556130
3556496
3556504
3557310
3557311
3557713
3558082
3558091
3558096
3558108
3559222
3559226
3559316
3559319
3560370
3560410
3560415
3560421
3563487
3563488
3563490
3563492
3564666
3564785
3564791
3564799
3565953
3566235
3566236
3566260
3566788
3566789
3566790
3566791
3566792
3568284
3568285
3568286
3568287
3568288
3569026
3570638
3570662
3570663
3570664
3570665
3570666
3570667
3570668
3572117
3572118
3572119
3572120
3573824
3573825
3573826
3573827
3573828
3574457
3574744
3574745
3574746
3574747
3574748
3574749
3577170
3577171
3577172
3577173
3577174
3577176
3577177
3577182
3578359
3578360
3578361
3578362
3578589
3578590
3579427
3579594
3580385
3580386
3581063
3581072
3581277
3581279
3581508
3581509
3581512
3581514
3581515
3581517
3583377
3583629
3583630
3584603
3584604
3584606
3585104
3585618
3585619
3585621
3586607
3586848
3586852
3587131
3587421
3587422
3587423
3587424
3587425
3587426
3587427
3587428
3587429
3587430
3587431
3587432
3590233
3590504
3590505
3591676
3591687
3591696
3592271
3593306
3593310
3593311
3594613
3594848
3594851
3594852
3596635
3596741
3596749
3596752
3596759
3598469
3598477
3598481
3600018
3600028
3600031
3600033
3600034
3600042
3602435
3602440
3602443
3602447
3602451
3604220
3604277
3604509
3604519
3604523
3604525
3604530
3622560
3622818
3623404
3623405
3623407
3623408
3623414
3623884
3623885
3623886
3623887
3623889
3623890
3625530
3625531
3625532
3625533
3634130
3636533
3636555
3636575
3636587
3636614
3692558
3693072
3693828
3693860
3693887
3693905
3747933
3747974
3748131
3748148
3748180
3809547
3809558
3809568
3809676
3809690
3810363
3873420
3873591
3873652
3873714
3873894
3873991
3874017
3874080
3874145
3874189
3874267
3874333
3874374
3874386
3874418
4074719
4075447
4075546
4075557
4075574
4075598
4159027
4159047
4159079
4159099
4159269
4187631
4267391
4277063
4277087
4277175
4277207
4364075
4364095
4364175
4364197
4364225
4463003
4463071
4463099
4463165
4463199
4466003
4466281
4466325
4466489
4466985
4467107
4475783
4475997
4476089
4476169
4486717
4774303
4790457
4790499
4790571
4790611
4790641
4868047
4868131
4868145
4868177
4868193
4936669
4952453
4952469
4952477
4952493
4952511
5018601
5034973
5034999
5035033
5035059
5035101
5120243
5120281
5120307
5120691
5120775
5129635
5129683
5129755
5129789
5129859
5135169
5135245
5135275
5135335
5135391
5457029
5459527
5459579
5459627
5459681
5459745
5539203
5539217
5539225
5539411
5539467
5602831
5602891
5602909
5602925
5602949
5611787
5611999
5612049
5681027
5681241
5681287
5681353
5681389
5681455
5773255
5773313
5773339
5773411
5773457
5776833
5776961
5777025
5777203
5777257
5777339
5777459
5777509
5777661
5777805
6026465
6036979
6037009
6037031
6037055
6037087
6192249
6243537
6248107
6248137
6248167
6248203
6248227
6248251
6248281
6248299
6248311
6248335
6620719
6696247
6696305
6696317
6696339
6696351
6757949
6759729
6759757
6759775
6759799
6759987
6817235
6823851
6823863
6823885
6823895
6823923
6894825
6894881
6894901
6894947
6894999
6895027
6895057
6895075
6895141
6895159
6895205
6895237
6895275
6895315
7156448
7156464
7156584
7156604
7156608
7158674
7229380
7229432
7229484
7229510
7229538
7283510
7284140
7284180
7284216
7284256
7284330
7411798
7411834
7411864
7411932
7411984
7412168
7412194
7412250
7412288
7412346
7420664
7476882
7477168
7477200
7477230
7477264
7477990
7478032
7478236
7478344
7478414
7478710
7479100
7479264
7479344
7486662
7486716
7486852
7486904
7486988
7487062
7753870
7920810
7955312
7958114
7958138
7958230
7958306
7958358
7958514
8039292
8039510
8039640
8039672
8039756
8039874
8040150
8040256
8040300
8040334
8040406
8040464
8040524
8040678
8040736
8297862
8313132
8313170
8313200
8313232
8597631
8597645
8597649
8597691
8597693
8597697
8597699
8597701
8597705
8597707
8598215
8598219
8598221
8598225
8598227
8598229
8598231
8598233
8598235
8598237
8598239
8598241
8598249
8598251
8598253
8598255
8598257
8598259
8598261
8598265
8598319
8598369
8598371
8598373
8598375
8598377
8598381
8598383
8599849
8599905
8599943
8600179
8600277
8600319
8600525
8600639
8610115
8610119
8610123
8610127
8610131
8610133
8610137
8610141
8610143
8610145
8610147
8610149
8610151
8610153
8610155
8610157
8610163
8610167
8610169
8610175
8610189
8610217
8610219
8613031
8613039
8613041
8613043
8613067
8613073
8613075
8613081
8613087
8613379
8613389
8613393
8617803
8617805
8617807
8617811
8617813
8617817
8617823
8617827
8818619
8818645
8818669
8822749
8822751
8822757
3596160
3596182
3596191
3596340
3597125
3597126
3597131
3598557
3598558
3598901
3598904
3598909
3598910
3598911
3599764
3599765
3599766
3599767
3599768
3599954
3599955
3599956
3599957
3600160
3600165
3600169
3601001
3601003
3601004
3602675
3602678
3602683
3604752
3604798
3622355
3622358
3622360
3622363
3623234
3623258
3623301
3623921
3623941
3623947
3623952
3624754
3624757
3624759
3624765
3625604
3625606
3625607
3625608
3626166
3626168
3626171
3626172
3626175
3627156
3627159
3634504
3634812
3634939
3635012
3635072
3636814
3641965
3677094
3677115
3677135
3677153
3692871
3692909
3692938
3692965
3698824
3698874
3698931
3698971
3704564
3704707
3704811
3704899
3705019
3705106
3705286
3705338
3705390
3747071
3747093
3747115
3747140
3747160
3756414
3802164
3802280
3802308
3820924
3820975
3821056
3821158
3861283
3861316
3861375
3863352
3863397
3863449
3924221
3924308
3933145
3933262
3933454
3933548
3940871
3941014
3941119
3941200
3998347
3998387
3998477
3998536
4015202
4015265
4015318
4015378
4041573
4041706
4041826
4041978
4072162
4072201
4072218
4072234
4105121
4105327
4105511
4155195
4155215
4155247
4155281
4181081
4181215
4181269
4181329
4181409
4255391
4255475
4255555
4255645
4277659
4277779
4277889
4278625
4278713
4348411
4348473
4348515
4348539
4384485
4384705
4385009
4385217
4385307
4437687
4437739
4437757
4437791
4488013
4488279
4488521
4488701
4488841
4538759
4538819
4538911
4539033
4599463
4599623
4599927
4600075
4603053
4655213
4655339
4655385
4655409
4704287
4704465
4704875
4705277
4767799
4805115
4853025
4896453
4896547
4944337
4961805
5103675
5185591
5185631
5189373
5189421
5294309
5451473
5451521
5516951
5599465
5599537
5668243
5743361
5745885
5828167
5927237
5927443
6026561
6026621
6110063
6110115
6186221
6186333
6243269
6306515
6306553
6306597
6306757
6325553
6325835
6463645
6553891
6651413
6699959
6699989
6700003
6700017
6700043
6700059
6700103
6700129
6710859
6761773
6833657
6833813
6833877
6834063
6834101
6834169
6834355
6834393
6834595
6900377
6900389
6900483
6900533
6900561
6900597
6900651
6900705
6900739
6900749
6900807
6900877
6900991
6901045
6901109
7090357
7090391
7090435
7090549
7090585
7144369
7144389
7144411
7144431
7144489
7144547
7162236
7169342
7180428
7180584
7208789
7208803
7208847
7225239
7225299
7225319
7273263
7273271
7273277
7273295
7286962
7287060
7287100
7338324
7338382
7338482
7338546
7338600
7339688
7339744
7339788
7339814
7408485
7408491
7408503
7408511
7408527
7473748
7473794
7473820
7473846
7473900
7475687
7475697
7559412
7559486
7559570
7559622
7559726
7559808
7668024
7668158
7668226
7668310
7668374
7777158
7777238
7777348
7777438
7777540
7868102
7868130
7868170
7868208
7868262
7868312
8435393
8435395
8435397
8435401
8436027
8436031
8436037
8436039
8436041
8436043
8436045
8436047
8436049
8436051
8440777
8440779
8440781
8440787
8440789
8440791
8440793
8440795
8511019
8511021
8511023
8511025
8511027
8511029
8511031
8511033
8511035
8511037
8511039
8511043
8511045
8511047
8512569
8512571
8541563
8541585
8541719
8541729
8541731
8541733
8541735
8541737
8541745
8542181
8542189
8642351
8642353
8642371
8642373
8642383
8642405
8642407
8642409
8642411
8642413
8642415
3575956
3575999
3576000
3576001
3576022
3576025
3576031
3576035
3576045
3576047
3576051
3576179
3577345
3577948
3577969
3577972
3577986
3577989
3578897
3578906
3578910
3578917
3579000
3579929
3579931
3579947
3579968
3579975
3579977
3581014
3581061
3581065
3581068
3581078
3581789
3581795
3581798
3581852
3581858
3583393
3583397
3583604
3583606
3583607
3583955
3583963
3583965
3583980
3583988
3583989
3584986
3584999
3585010
3585011
3585012
3586128
3586134
3586151
3586153
3586158
3587417
3587435
3587469
3587476
3587484
3588193
3588196
3588566
3588568
3588575
3589957
3589962
3589963
3589974
3590426
3591374
3591375
3591376
3591400
3591406
3592224
3592333
3592465
3592569
3592575
3592690
3594734
3594744
3594760
3599776
3599777
3599778
3599812
3599814
3599819
3600549
3600552
3600553
3600554
3600558
3601397
3601399
3601643
3601644
3601647
3604139
3604237
3604244
3604288
3604309
3604350
3622397
3622399
3622401
3622402
3622403
3624082
3624084
3624090
3624093
3624095
3631434
3631441
3631448
3631624
3633702
3633790
3679578
3679605
3679614
3679632
3690054
3690200
3690227
3690264
3691226
3763142
3764049
3764073
3764093
3764286
3799869
3800000
3800011
3800016
3800034
3853583
3853596
3853600
3853602
3853606
3855426
3856227
3856248
3856303
3856401
3938511
3939212
3940486
3940524
3940668
4074048
4074060
4074064
4074080
4074102
4160057
4160065
4160067
4160145
4160291
4265965
4266079
4266213
4266349
4266377
4378137
4378179
4378263
4379219
4379309
4379351
4379467
4450779
4450801
4450931
4450955
4451653
4543507
4544327
4544481
4544531
4545541
4546419
4671305
4771479
4771671
4771871
4771997
4772019
4955291
4955327
4956647
4956669
4956699
5102701
5102715
5102725
5102731
5102737
5103349
5103363
5103369
5103383
5103389
5600991
5601005
5601369
5601375
5601385
5678153
5678187
5678209
5678231
5678245
5753615
5753631
5753643
5753657
5753703
5835483
5835511
5835525
5835587
5835619
6027609
6027619
6027631
6027649
6027657
6109551
6109577
6109631
6109645
6109659
6161091
6161099
6161107
6161115
6161125
6242509
6242533
6242543
6242557
6242601
6306931
6306949
6306977
6307455
6307707
6418949
6419039
6419057
6419083
6419137
6645487
6645521
6645641
6645661
6645665
6686835
6686847
6687097
6687643
6687649
6760483
6760487
6760497
6760517
6760527
6815469
6816191
6816195
6816201
6816205
6884719
7158822
7159328
7160084
7160862
7161674
7226880
7227272
7286642
7286934
7287450
7287538
7287948
7287972
7353472
7354248
7354748
7354940
7355212
7419116
7419498
7420690
7421130
7496352
7496736
7498526
7498630
7498792
7593420
7593586
7595904
7596546
7598378
7887000
7887152
7887288
7887344
7887560
7887828
7961806
8043070
8138226
8316922
3574168
3574172
3574282
3574283
3574284
3574286
3574287
3574288
3574289
3574290
3574599
3574601
3574602
3574609
3574610
3574612
3574613
3574615
3574616
3574663
3574665
3574667
3574671
3575142
3575143
3575144
3575145
3575147
3575148
3575149
3575150
3575151
3575152
3575153
3575154
3575156
3575157
3575158
3575159
3575160
3575491
3575494
3575495
3575497
3575498
3575528
3575529
3575530
3575531
3575532
3575533
3575552
3575555
3575563
3575564
3575565
3575567
3575568
3575569
3576395
3576397
3576398
3576399
3576520
3576522
3576523
3576524
3576700
3576702
3576703
3576743
3576744
3576745
3577920
3577922
3577923
3577924
3577926
3585133
3585136
3585138
3585139
3585140
3585143
3585630
3585644
3585648
3585837
3585864
3585866
3585867
3585873
3585875
3585876
8481203
180451
180474
181085
181102
181113
181116
182469
183054
183064
183572
183573
183580
183581
183582
183998
184000
185375
185383
185393
186568
186570
186572
186573
186574
186578
186579
187945
189662
189663
189665
189726
189759
190489
192071
192425
192520
192521
192522
192523
192524
192525
192634
193861
193864
195602
195648
197830
199423
204910
204992
204996
205016
205055
207894
207957
212017
212035
213690
215070
215071
216836
218048
218053
225069
225075
228272
228287
230396
293801
295985
298416
298709
299757
314705
320308
336846
357899
357905
357908
357913
357914
372469
380603
390251
417125
423644
434591
436097
439674
445342
456182
471959
484233
489665
495234
501250
501407
511453
552536
557149
563011
568696
574792
610749
610774
617027
631078
649349
649350
649351
649352
677659
686891
697194
709871
723803
723808
753185
767468
782443
799168
818216
835845
880262
901307
918007
932809
950886
1033479
1090731
1092819
1124088
1136858
1184546
1197386
1206529
1208440
1220990
1263342
1270072
1276119
1282371
1289063
1351809
1358648
1365318
1412548
1419337
1425810
1432561
1439397
1441605
1441626
1493261
1498918
1510996
1514118
1514202
1553022
1557979
1559649
1563634
1567927
1572478
1572480
1572481
1633061
1639581
1647066
1662777
1691357
1697084
1702450
1707432
1712608
1714874
1714876
1751231
1756822
1761803
1767510
1773093
1775346
1775347
1813330
1819527
1825731
1831407
1838239
1838362
1887492
1892950
1898434
1898544
1903792
1941107
1946141
1951142
1964344
1964355
1964356
2003462
2021100
2026974
2029702
2029734
2076675
2082760
2088917
2095132
2097071
2144397
2152055
2160964
2167093
2208802
2208803
2217857
2226996
2286698
2293927
2293928
2300816
2300817
2307320
2313765
2320604
2323496
2323497
2357286
2365004
2370687
2378407
2386999
2387030
2387039
2424768
2434270
2444372
2466459
2472086
2472095
2507089
2519813
2532139
2545382
2545418
2563803
2563836
2605946
2617583
2630086
2642786
2648169
2648170
2690074
2702208
2713994
2726089
2730889
2772486
2784629
2796300
2806921
2806927
2838664
2849284
2860142
2871182
2881628
2886699
2913090
2922837
2935620
2947250
2959181
2961737
2988195
2997020
3005351
3016463
3025278
3029396
3054859
3063578
3073381
3084534
3094480
3121789
3130491
3138739
3144530
3148596
3150161
3168909
3173020
3176203
3180169
3183214
3205499
3209126
3210024
3210025
3210026
3237738
3531261
3531556
3531968
3532590
3533138
3533542
3534548
3535597
3536456
3537836
3538479
3539174
3541353
3543906
3544201
3545395
3546057
3547053
3547919
3549024
3549719
3550156
3550647
3551633
3552527
3553221
3554287
3555090
3555646
3556128
3557181
3558183
3559297
3560550
3561874
3563354
3564588
3566082
3567020
3568227
3569576
3570134
3572014
3572773
3573717
3574911
3575985
3576627
3577200
3578094
3579329
3580202
3581075
3582114
3582713
3583304
3584247
3585252
3586195
3587566
3588418
3589249
3590069
3591373
3592758
3594458
3595912
3597648
3599192
3602111
3603938
3622839
3624233
3629611
3685287
3748643
3801918
3853182
4001230
4066355
4161395
4256607
4354299
4451351
4564107
4937189
5021223
5102583
5525007
5602079
5682129
5748057
6028157
6097421
6165177
6245827
6319789
6629065
6699317
6748901
6823549
6896825
7147951
7213331
7276365
7341675
7422389
7489419
7873677
7960367
8626909
8637459
8637565
8637613
8639577
8639579
8639593
8383299
8383753
8383919
8679307
8680661
8680665
8680667
8680677
8680679
8511069
8511071
8511073
8511079
8511081
8511083
8511087
8511089
8511091
8511093
8511095
8511097
8511103
8511105
8480119
8480191
8480311
8666051
8666053
8666055
8666057
8666059
8666061
8666063
8657619
8658195
8659595
8659685
8669925
8682995
8683323
8683507
8683511
8684379
8686341
8669995
8670049
8671747
8671765
8671767
8671777
8671781
8671795
8671799
8775993
8776009