8920659
8921223
8921227
8921229
8921231
8921237
8921245
8921259
8921261
8921265
8921267
8921271
8921269
8921293
8921295
8921297
8921299
8921301
8921309
8921303
8921311
8921313
8921315
8921317
8921319
8921325
8921329
8921331
8921321
8921339
8921327
8921333
8921337
8921373
8921379
8921375
8921381
8921377
8921387
8921389
8921393
8921397
8921395
8921401
8921403
8921405
8921597
8921599
8921601
8921603
8921609
8921611
8921613
8921615
8921617
8921631
8921633
8921635
8921641
8921643
8921655
8921657
8921659
8921661
8921663
8921665
8921667
8921671
8921677
8921679
8921681
8921683
8921685
8921689
8921687
8921691
8921695
8921697
8921699
8921701
8921705
8921707
8921713
8921715
8921719
8921727
8921733
8921709
8921731
8921735
8921797
8921801
8921807
8920389
8921799
8921803
8921823
8921819
8921849
8921855
8921861
8921859
8921863
8921893
8921899
8921961
8921967
8921975
8921979
8921977
8921985
8921981
8921983
8921997
8921999
8922001
8922003
8922011
8922027
8922033
8922031
8922037
8922039
8922045
8922047
8922053
8922063
8922101
8922099
8922103
8922105
8922107
8922109
8922111
8922113
8922115
8922117
8922121
8922125
8922123
8922129
8922127
8922131
8922133
8922145
8922149
8922155
8922157
8922161
8922159
8922165
8922163
8922177
8922175
8922181
8922197
8922195
8922191
8922201
8922203
8922187
8922205
8922183
8922211
8922215
8922209
8922217
8922219
8922221
8922223
8922229
8922225
8922227
8922243
8922255
8922261
8922267
8922263
8922269
8922287
8922273
8922299
8922303
8922291
8922305
8922311
8922293
8922265
8922297
8922289
8922295
8922313
8922323
8922275
8922271
8922301
8922325
8922331
8922329
8922327
8922335
8922333
8922315
8922307
8922339
8922659
8922685
8922711
8922713
8922715
8922717
8922765
8922777
8922785
8922787
8922789
8922799
8922801
8922807
8923415
8923417
8923441
8923449
8923443
8923461
8923467
8923475
8923471
8923473
8923453
8923465
8923483
8923479
8923481
8923451
8923493
8923511
8923519
8923513
8923525
8923509
8923521
8923559
8923563
8923557
8923577
8923581
8923573
8923567
8923553
8923589
8923585
8923545
8923541
8923543
8923561
8923549
8923595
8923597
8923613
8923603
8923601
8923599
8923709
8923743
8923793
8923779
8923823
8923873
