8954879
8954881
8954883
8954885
8954887
8954889
8954891
8954893
8954895
8954897
8954899
8954901
8954903
8954905
8954907
8954909
8954911
8954913
8954915
8954917
8954919
8954957
8954959
8954961
8954963
8954965
8954967
8954969
8954973
8954975
8954977
8954979
8954981
8954983
8954985
8954987
8954989
8954991
8954993
8954995
8954997
8954999
8955001
8955003
8955005
8955007
8955009
8955011
8955013
8955015
8955017
8955019
8955021
8955023
8955025
8955027
8955029
8955031
8955033
8955035
8955037
8955039
8955041
8955043
8955045
8955047
8955049
8955051
8955053
8955055
8955057
8955059
8955061
8955063
8955065
8955067
8955069
8955071
8955073
8955075
8955077
8955079
8955081
8955083
8955085
8955087
8955089
8955091
8955093
8955095
8955097
8955099
8955101
8955105
8955107
8955109
8955111
8955113
8955115
8955117
8955119
8955121
8955125
8955127
8955129
8955131
8955133
8955135
8955137
8955139
8955141
8955143
8955145
8955147
8955149
8955151
8955371
8955373
8955375
8955377
8955379
8955381
8955383
8955385
8955387
8955391
8955393
8955395
8955431
8955433
8955435
8955437
8955439
8955443
8955447
8955449
8955455
8955459
8955461
8955463
8955465
8955467
8955469
8955471
8955473
8955475
8955477
8955481
8955483
8955485
8955487
8955491
8955493
8955499
8955501
8955503
8955507
8955509
8955511
8955645
8955647
8955649
8955651
8955653
8955655
8955657
8955659
8955661
8955663
8955665
8955667
8955669
8955671
8955673
8955675
8955677
8955679
8955681
8955683
8955685
8955687
8955689
8955691
8955693
8955695
8955697
8955699
8955701
8955703
8955705
8955707
8955709
8955711
8955713
8955715
8955717
8955719
8955721
8955723
8955725
8955727
8955729
8955731
8955735
8955737
8955739
8955741
8955743
8955747
8955753
8955755
8955757
8955759
8955761
8955763
8955765
8955767
8955769
8955771
8955773
8955775
8955777
8955779
8955781
8955787
8955789
8955791
8955793
8955795
8955797
8955799
8955801
8955803
8955805
8955811
8955813
8955815
8955819
8955821
8955823
8955825
8955827
8955829
8955831
8955833
8955835
8955837
8955839
8955841
8955843
8955853
8955855
8955857
8955859
8955861
8955863
8955865
8955867
8956031
8956033
8956039
8956041
8956043
8956045
8956047
8956049
8956255
8956257
8956259
8956261
8956263
8956265
8956267
8956269
8956271
8956273
8956275
8956277
8956279
8956281
8956283
8956301
8956303
8956305
8956307
8956321
8956323
8956325
8956327
8956329
8956331
8956335
8956337
8956339
8956341
8956343
8956347
8956349
8956351
8956353
8956355
8956357
8956359
8956361
8956363
8956365
8956367
8956369
8956371
8956373
8956375
8956377
8956429
8956431
8956433
8956435
8956437
8956439
8956441
8956443
8956447
8956449
8956451
8956531
8956533
8956535
8956543
8957657
8957659
8957661
8957663
8957687
8958487
8958489
8958491
8958499
8958501
8958503
8958505
8958507
8958535
8958537
8958539
8958541
8958543
8958545
8958547
8958549
8958551
8958553
8958555
8958557
8958559
8958561
8958563
8958565
8958567
8958569
8958571
8958573
8958575
8958577
8958579
8958581
8958583
8958609
8958611
8958613
8958637
8958639
8958641
8958643
8958667
8958669
8958801
8958803
8958805
8958807
8958809