8452451
8452361
8452345
8452333
8452621
8452919
8452959
8453273
8453279
8453277
8453275
8453355
8453389
8453403
8453409
8453407
8453411
8453429
8453431
8453457
8453465
8453471
8453477
8453481
8453459
8453455
8453501
8453515
8453527
8453413
8453513
8453531
8453511
8453491
8453535
8453539
8453541
8453547
8453545
8453551
8453555
8453565
8453523
8453519
8453581
8453607
8453559
8453525
8453537
8453483
8453485
8453635
8453633
8453639
8453689
8453755
8453757
8453759
8453775
8453769
8453749
8453777
8453879
8453919
8453763
8454127
8453993
8454033
8453995
8454035
8454045
8454037
8454069
8454059
8454055
8454191
8454221
8454243
8454109
8454299
8454297
8454307
8454005
8454315
8454321
8454329
8454337
8454241
8454025
8454347
8454351
8454247
8454361
8454021
8454363
8454043
8454311
8454051
8454141
8454011
8454313
8454089
8454103
8454091
8454227
8453599
8454121
8454123
8454259
8454279
8454283
8454275
8454271
8454235
8454253
8454231
8454239
8454225
8454261
8454219
8454211
8454181
8454179
8454149
8454151
8454169
8454161
8454157
8454287
8454277
8454263
8454119
8454135
8454137
8454117
8454129
8454111
8454145
8454143
8454113
8454081
8454461
8454267
8454177
8454065
8454067
8454471
8454233
8454527
8454489
8454595
8454599
8454517
8454651
8454653
8454657
8454647
8454661
8454249
8454511
8454309
8454591
8454475
8454317
8454525
8454519
8454237
8454335
8454285
8454057
8454061
8454707
8454703
8454711
8454171
8454733
8454737
8454747
8454727
8454173
8454481
8454125
8454185
8454849
8454187
8454681
8454865
8454679
8454023
8454893
8454897
8454895
8454901
8454607
8454039
8454581
8454047
8454019
8454933
8454957
8454973
8454431
8454977
8454877
8454975
8454985
8454545
8454919
8454887
8454889
8454989
8454997
8455017
8455027
8454665
8454375
8454265
8455033
8454491
8454497
8454555
8455055
8455051
8455059
8455063
8455085
8455065
8455073
8455077
8454603
8455149
8455189
8455179
8455171
8455377
8455351
8455403
8454961
8455335
8455001
8455445
8455245
8455219
8455387
8455429
8455395
8455399
8455415
8455337
8455225
8455327
8455205
8454637
8455213
8455199
8455489
8455211
8455233
8455231
8455251
8455237
8455249
8454615
8454627
8455401
8455831
8455433
8455849
8455845
8455857
8455863
8455905
8455931
8455383
8455353
8455255
8455761
8456061
8456095
8456255
8456259
8456345
8456353
8455759
8456265
8456441
8456795
8456801
8456735
8456757
8456813
8456799
8456775
8456791
8456763
8456759
8456779
8456771
8456741
8456805
8456777
8456743
8456861
8456877
8456841
8456881
8456879
8456887
8456857
8456831
8456891
8456785
8456919
8456883
8456871
8456855
8456889
8456915
8456865
8456917
8456867
8456849
8456921
8456809
8456869
8456787
8456893
8456913
8456873
8456943
8456949
8456947
8456955
8456985
8456991
8456993
8456997
8456995
8456975
8456999
8456987
8457007
8457001
8457005
8457013
8457009
8457015
8457003
8457011
8457017
8457019
8457063
8457081
8457027
8456967
8457069
8457127
8457131
8457145
8457135
8457147
8457153
8457093
8457149
8457159
8457157
8457151
8457247
8457271
8457257
8457303
8457485
8457475
8457519
8457609
8457625
8457467
8457405
8457657
8457447
8456821
8456901
8457661
8457287
8457437
8457665
8457479
8457439
8457493
8457483
8457487
8457509
8457537
8457515
8457617
8457597
8457591
8457607
8457603
8457565
8457575
8457623
8457281
8457291
8457229
8457955
8457949
8458013
8458111
8457383
8458183
8458187
8458191
8458185
8458193
8458197
8458211
8458209
8458213
8458235
8458255
8458259
8458267
8458273
8458285
8458001
8457723
8458005
8458439
8458443
8458511
8458515
8458535
8458095
8458129
8458227
8458233
8458249
8458531
8458103
8458625
8458627
8458667
8458669
8458693
8458695
8458675
8458697
8458699
8458701
8458631
8458643
8458633
8458635
8458647
8458689
8458641
8458671
8458735
8458629
8458703
8458799
8458781
8458773
8458995
8458659
8458769
8459119
8459091
8459141
8459151
8458789
8459183
8458921
8458885
8458721
8458961
8458817
8459399
8458857
8458895
8458903
8458931
8458907
8458893
8458975
8458873
8458849
8458861
8458891
8458763
8458855
8458783
8458819
8459001
8458809
8458869
8458973
8458901
8458929
8458909
8459169
8458923
8460003
8460033
8460023
8460101
8460081
8459357
8459961
8459393
8460863
8461035
8460021
8461133
8461137
8461181
8461185
8461191
8461199
8461207
8461215
8461235
8461237
8460079
8461255
8461295
8461329
8461367
8461375
8461171
8460323
8461335
8461491
8461495
8461499
8461513
8461503
8461531
8461533
8461577
8461589
8461607
8461653
8461655
8461665
8461675
8461673
8461679
8461685
8461693
8461695
8461733
8461743
8461715
8461657
8461659
8461557
8462215
8462219
8461541
8462317
8462263
8460319
8462251
8462233
8462189
8462195
8461565
8461489
8461315
8461381
8461757
8461689
8461567
8462027
8462053
8462277
8462289
8462519
8471491
8471709
8473261
8473809
8474261
8475219
8473819
8475355
8475365
8475411
8475415
8475413
8475437
8475439
8475429
8475447
8475455
8475461
8475495
8475513
8475507
8475525
8475545
8475571
8475599
8475621
8475627
8475653
8475645
8475669
8475671
8475727
8475929
8475983
8476213
8476229
8476239
8476305
8476357
8476421
8476429
8476433
8476439
8476451
8476499
8476521
8476501
8476545
8476611
8476613
8476623
8476683
8476725
8477339
8477355
8477359
8477371
8477377
8477379
8477381
8477387
8477399
8477405
8477409
8477403
8477465
8477459
8477455
8477457
8477467
8477509
8477537
8477533
8477539
8477547
8477551
8477559
8477563
8477571
8477581
8477575
8477585
8477589
8477595
8477597
8477599
8477593
8477603
8477623
8477639
8477647
8477659
8477667
8477673
8477683
8477679
8477693
8477701
8477703
8477705
8477561
8477743
8477763
8477807
8477813
8477823
8477849
8477865
8477879
8477875
8477897
8477941
8477915
8477957
8477951
8477945
8477873
8477931
8478079
8478795
8478801
8478807
8478827
8478839
8478849
8478857
8478871
8478875
8478901
8478907
8478925
8478957
8478967
8479373
8479377
8479381
8479393
8479401
8479399
8479413
8479417
8479421
8479423
8479431
8479427
8479465
8479481
8479485
8479493
8479495
8479505
8479525
8479531
8479555
8479575
8479579
8479587
8479585
8479591
8479595
8479599
8479615
8479619
8479617
8479629
8479631
8479635
8479641
8479637
8479701
8479751
8479775
8479777
8479783
8479807
8479785
8479805
8479897
8479911
8479909
8479947
8479955
8479953
8479881
8479975
8479993
8479973
8480069
8480013
8480091
8480077
8480001
8480015
8480087
8479999
8480037
8479937
8480113
8480017
8480057
8480067
8480073
8480217
8480059
8480049
8480215
8480219
8480103
8480111
8480171
8480175
8480199
8480201
8480213
8480193
8480385
8480229
8480411
8480473
8480479
8480481
8480477
8480475
8480485
8480487
8480493
8480505
8480509
8480503
8480511
8480517
8480515
8480519
8480521
8480513
8480527
8480531
8480533
8480535
8480551
8480459
8480553
8480549
8480561
8480525
8480621
8480991
8481815
8481791
8481867
8481915
8481865
8481913
8482159
8482913
8482883
8482877
8482879
8482893
8483075
8483093
8483109
8483113
8483097
8483145
8483169
8483105
8483209
8483207
8483213
8483215
8483217
8483227
8483241
8483263
8483261
8483259
8483195
8483211
8483373
8483389
8483395
8483451
8483509
8483475
8483589
8483607
8483621
8483627
8483641
8483653
8483669
8483681
8483691
8483757
8483855
8483857
8483861
8483863
8483869
8483881
8483887
8483899
8483943
8483949
8483965
8483981
8483989
8483993
8484001
8484041
8484047
8484049
8484081
8484105
8484137
8484147
8484145
8484165
8484189
8484173
8484193
8484149
8484637
8484797
8484805
8484807
8484809
8484815
8484813
8484819
8484653
8484825
8484833
8484791
8484909
8484919
8484917
8484929
8484937
8484935
8484933
8485017
8485165
8485175
8485145
8485183
8485361
8485387
8485429
8485433
8485439
8485449
8485453
8485459
8485471
8485483
8485487
8485491
8485485
8485489
8485493
8485495
8485497
8485501
8485521
8485507
8485525
8485539
8485529
8485553
8485565
8485567
8485569
8485575
8485577
8485585
8485611
8485617
8485627
8485637
8485639
8485651
8485655
8485657
8485663
8485667
8485669
8485679
8485725
8485727
8485731
8485703
8485729
8485737
8485741
8485767
8485773
8485761
8485777
8485781
8485787
8485771
8485799
8485807
8485815
8485817
8485823
8485821
8485841
8485845
8485851
8485865
8485879
8485885
8485889
8485893
8485901
8485897
8485907
8485915
8485923
8485931
8485933
8485941
8485943
8485945
8485951
8485955
8485985
8486009
8486011
8486057
8486061
8486075
8486081
8486125
8486149
8486151
8486153
8486155
8486157
8486189
8486347
8486401
8486395
8486555
8486591
8486641
8486687
8486693
8486713
8486791
8488477
8488531
8488537
8488581
8488339
8488621
8488631
8488689
8488691
8488701
8488389
8488415
8488881
8489003
8489007
8489009
8489041
8489045
8489103
8489241
8489269
8489389
8489449
8489523
8489583
8489757
8489765
8489761
8489777
8489781
8489783
8489821
8489849
8489859
8489863
8489865
8489869
8489875
8489893
8489901
8489909
8489921
8489963
8489965
8490013
8490073
8490079
8490087
8490125
8490117
8490143
8490151
8490155
8490161
8490167
8490197
8490203
8490219
8490227
8490255
8490317
8490319
8490325
8490367
8490391
8490407
8490409
8490411
8490415
8490419
8490437
8490453
8490461
8490469
8490475
8490471
8490493
8490519
8490529
8490539
8490561
8490565
8490583
8490601
8490611
8490609
8490665
8490687
8490701
8490699
8490725
8490735
8490737
8490741
8490755
8490773
8490775
8490771
8490777
8490781
8490787
8490785
8490795
8490799
8490769
8490867
8490869
8490871
8490875
8490911
8490929
8490913
8490939
8490975
8491025
8491001
8491031
8491039
8491043
8491049
8491053
8491065
8491071
8491077
8491079
8491083
8491091
8491093
8491105
8491107
8491113
8491135
8491137
8491141
8491169
8491171
8491175
8491173
8491183
8491201
8491203
8491209
8491217
8491211
8491225
8491229
8491235
8491221
8491239
8491245
8491257
8491265
8491271
8491253
8491275
8491277
8491297
8491309
8491315
8491321
8491329
8491325
8491323
8491431
8487093
8487121
8487117
8487207
8487217
8487369
8487359
8487415
8491839
8487441
8487475
8487449
8487495
8491859
8487579
8487595
8487609
8491837
8487645
8487659
8487607
8487669
8487693
8487701
8487671
8487707
8487715
8487785
8487781
8487793
8487789
8487787
8487809
8487847
8487849
8487855
8487573
8487871
8487873
8487885
8488185
8491959
8492021
8492515
8492773
8492797
8492793
8492795
8492803
8492831
8492843
8492855
8492891
8492881
8492937
8492939
8492941
8492945
8492961
8492953
8492971
8492963
8492977
8492979
8492981
8492969
8492993
8493003
8493009
8493013
8493025
8493037
8493033
8493047
8493059
8493109
8493113
8493115
8493127
8493135
8493133
8493141
8493215
8493263
8493259
8493267
8493321
8493327
8493345
8493349
8493359
8493421
8493437
8493439
8493425
8493445
8493433
8493451
8493417
8493435
8493447
8493413
8493431
8493419
8493443
8493423
8493415
8493449
8493453
8493441
8493465
8493459
8493427
8493463
8493461
8493467
8493469
8493455
8493471
8493473
8492997
8493489
8493493
8493519
8493507
8493543
8493527
8493565
8493555
8493535
8493627
8493641
8493645
8493649
8493531
8493505
8493533
8493685
8493541
8493689
8493639
8493895
8494019
8494099
8494171
8494175
8494169
8494173
8494163
8494157
8494151
8494159
8494181
8494153
8494161
8494191
8494179
8494193
8494177
8494203
8494205
8494213
8494215
8494351
8494383
8494395
8494499
8494553
8494589
8494565
8494537
8494623
8494587
8494493
8494513
8494461
8494649
8494665
8494677
8494689
8494695
8494721
8494717
8494739
8494819
8494833
8494751
8495117
8495141
8495189
8495161
8495107
8495073
8495261
8495129
8495227
8495251
8495269
8495223
8495217
8495249
8495285
8495303
8495153
8495271
8495213
8495133
8495137
8495147
8495157
8495167
8495159
8495169
8495187
8495257
8495259
8495291
8495649
8495653
8495671
8495667
8496005
8496013
8496023
8496015
8496065
8496091
8496119
8496143
8496147
8496161
8496067
8496139
8496145
8496229
8496233
8496245
8496227
8496251
8496263
8496277
8496261
8496293
8496249
8496283
8496285
8496331
8496311
8496289
8496287
8496359
8496369
8496363
8496383
8496387
8496377
8496361
8496379
8496407
8496401
8496409
8496745
8496761
8496631
8496635
8496931
8496843
8497001
8497025
8497003
8497017
8497037
8496957
8497091
8496997
8497175
8497183
8497229
8497347
8497365
8497441
8497483
8497485
8497611
8497647
8497907
8497909
8497911
8497915
8497927
8497933
8497939
8497947
8497959
8497965
8498027
8498057
8498063
8498087
8498095
8498113
8498203
8498231
8498227
8498245
8498249
8498287
8498357
8498379
8498393
8498395
8498401
8498225
8498387
8498409
8498385
8498415
8498229
8498425
8498705
8498769
8498783
8498809
8499461
8499593
8499733
8499773
8499837
8499871
8500137
8500409
8500555
8500609
8500765
8500997
8501113
8501145
8501177
8501565
8501655
8501725
8501723
8501767
8501753
8501787
8501759
8501797
8501809
8501831
8501835
8501813
8501859
8501883
8501887
8501877
8501861
8501893
8501943
8501995
8501997
8502013
8502007
8502017
8502029
8502031
8502037
8502041
8502079
8502099
8502147
8502269
8502315
8502355
8502533
8502547
8502585
8502673
8502683
8502865
8502871
8502875
8502903
8503021
8503035
8503047
8505157
8506099
8506093
8506711
8507435
8505139
8505151
8505153
8505155
8509519
8509635
8506059
8509749
8509813
8506683
8506689
8509871
8509887
8506753
8509897
8509909
8509919
8509959
8507117
8510055
8510163
8510223
8510625
8510693
8510699
8510715
8510719
8510735
8510749
8510959
8510977
8510981
8511411
8511627
8512073
8512151
8512205
8512229
8512323
8512393
8512521
8512531
8512575
8512715
8512831
8513043
8513845
8513923
8514005
8515247
8515255
8515567
8515727
8516265
8516287
8516345
8516729
8518277
8518333
8518373
8518399
8518807
8518941
8519401
8519441
8520031
8520057
8520053
8520029
8520049
8520007
8520069
8520127
8520135
8520153
8520175
8520177
8520163
8520181
8520161
8520165
8520187
8520191
8520167
8520199
8520227
8520261
8520217
8520283
8520303
8520307
8520305
8520231
8520323
8520301
8520331
8520313
8520249
8520347
8520657
8520707
8520749
8520769
8520795
8520819
8520857
8520929
8521825
8521931
8522277
8522317
8522699
8522749
8522843
8523065
8523583
8523631
8523665
8523797
8523861
8523875
8523951
8524063
8524321
8524369
8524517
8524617
8524687
8524781
8524835
8524915
8525037
8525101
8525109
8525115
8525121
8525119
8525129
8525127
8525137
8525125
8525113
8525179
8525231
8525297
8525425
8525457
8526047
8526103
8526155
8526203
8526207
8526777
8526831
8528587
8529139
8529355
8529671
8529957
8529961
8530003
8530019
8530155
8530217
8530229
8530219
8530231
8530265
8530211
8530253
8530273
8530225
8530281
8530283
8530289
8530227
8530237
8530259
8530269
8530263
8530319
8530307
8530303
8530297
8530287
8530331
8530299
8530333
8530275
8530341
8530285
8530337
8530353
8530321
8530359
8530293
8530363
8530301
8530379
8530381
8530369
8530391
8530327
8530399
8530395
8530371
8530405
8530267
8530413
8530419
8530345
8530385
8530357
8530387
8530389
8530401
8530361
8530441
8530377
8530455
8530415
8530329
8530291
8530317
8530339
8530445
8530459
8530429
8530481
8530425
8530493
8530499
8530503
8530501
8530453
8530507
8530505
8530509
8530515
8530527
8530495
8530529
8530533
8530537
8530539
8530485
8530571
8530521
8530581
8530587
8530583
8530551
8530591
8530567
8530593
8530599
8530603
8530579
8530611
8530617
8530619
8530627
8530625
8530639
8530637
8530643
8530647
8530649
8530651
8530653
8530679
8530683
8530685
8530693
8530691
8530695
8530703
8530701
8530705
8530709
8530707
8530711
8530669
8530657
8530629
8530715
8530663
8530717
8530697
8530635
8530623
8530609
8530677
8530645
8530719
8530681
8530675
8530615
8530689
8530723
8530777
8530781
8530791
8530795
8530725
8530815
8530819
8530835
8530751
8530841
8530833
8530847
8530855
8530859
8530849
8530843
8530867
8530875
8530877
8530881
8530891
8530893
8530903
8530879
8530911
8530915
8530929
8530913
8530939
8530941
8530947
8530955
8530967
8530965
8530969
8530975
8530981
8530971
8530991
8530997
8530995
8531009
8531011
8531013
8530987
8531017
8531015
8531025
8531027
8531021
8531035
8531041
8531065
8530973
8531045
8531081
8531083
8531073
8531099
8531039
8531063
8531127
8531129
8531105
8531019
8531133
8531097
8531131
8531079
8531137
8531139
8531143
8531113
8531141
8531075
8531117
8531147
8531061
8531151
8531067
8531093
8531071
8531157
8531159
8531101
8531163
8531165
8531115
8531173
8531175
8531179
8531145
8531177
8531183
8531185
8531111
8531189
8531191
8531195
8531193
8531199
8531201
8531203
8531209
8531211
8531213
8531215
8531207
8531219
8531221
8531225
8531227
8531217
8531223
8531229
8531233
8531205
8531231
8531241
8531245
8531247
8531249
8531251
8531253
8531257
8531261
8531103
8531293
8531275
8531285
8531277
8531289
8531297
8531283
8531305
8531309
8531313
8531317
8531281
8531325
8531331
8531321
8531349
8531343
8531357
8531337
8531361
8531367
8531371
8531373
8531381
8531383
8531389
8531387
8531391
8531403
8531405
8531423
8531437
8531431
8531443
8531441
8531445
8531449
8531453
8531415
8531455
8531457
8531463
8531461
8531459
8531467
8531465
8531471
8531469
8531475
8531479
8531477
8531483
8531481
8531485
8531487
8531489
8531491
8531493
8531495
8531499
8531501
8531503
8531505
8531507
8531509
8531511
8531497
8531473
8531515
8531525
8531519
8531521
8531529
8531527
8531517
8531513
8531535
8531533
8531541
8531531
8531545
8531543
8531537
8531549
8531551
8531559
8531561
8531555
8531563
8531565
8531567
8531571
8531575
8531149
8531577
8531579
8531585
8531581
8531587
8531591
8531593
8531595
8531607
8531621
8531629
8531601
8531633
8531617
8531635
8531637
8531597
8531603
8531605
8531651
8531655
8531659
8531661
8531665
8531663
8531627
8531611
8531599
8531615
8531667
8531669
8531671
8531677
8531609
8531679
8531681
8531685
8531641
8531623
8531643
8531639
8531689
8531693
8531695
8531697
8531657
8531653
8531645
8531703
8531647
8531705
8531709
8531649
8531707
8531711
8531715
8531713
8531717
8531721
8531719
8531727
8531737
8531735
8531723
8531739
8531745
8531747
8531749
8531755
8531757
8531759
8531761
8531765
8531631
8531763
8531767
8531771
8531773
8531779
8531753
8531783
8531785
8531781
8531769
8531751
8531791
8531799
8531801
8531787
8531793
8531813
8531803
8531821
8531807
8531805
8531817
8531811
8531843
8531397
8531863
8531881
8531899
8531901
8531885
8531903
8531909
8531905
8531913
8531907
8531919
8531921
8531923
8531925
8531931
8531933
8531937
8531939
8531941
8531949
8531955
8531965
8531971
8531979
8531963
8531947
8531969
8531957
8531967
8531989
8531977
8531987
8531997
8531959
8531999
8532007
8531993
8532011
8531961
8532005
8531973
8532013
8532017
8531983
8532021
8532025
8532027
8532029
8532031
8532035
8531975
8532023
8532043
8532049
8532051
8532045
8532057
8532061
8531837
8532063
8532055
8532065
8532069
8532067
8531915
8532073
8532075
8532079
8532083
8532087
8532089
8532093
8532085
8532097
8532099
8532101
8532103
8532105
8532109
8532111
8532113
8532117
8532119
8532121
8532123
8532125
8532127
8532129
8532131
8532133
8532135
8532139
8532141
8532147
8532149
8532151
8532153
8532159
8532157
8532163
8532137
8532165
8532171
8532173
8532177
8532169
8532181
8532187
8532189
8532183
8532191
8532155
8532193
8532195
8532199
8532201
8532197
8531953
8531917
8531911
8532205
8532207
8532223
8532211
8532227
8532231
8532233
8532235
8532239
8532241
8532243
8532245
8532247
8532249
8532253
8532251
8532257
8532261
8532263
8532265
8532267
8532273
8532275
8532277
8532271
8532279
8532283
8532289
8532291
8532295
8532297
8532299
8532301
8532303
8532305
8532307
8532311
8532309
8532313
8532315
8532317
8532325
8532287
8532327
8532333
8532331
8532329
8532337
8532339
8532343
8532345
8532347
8532349
8532319
8532281
8532353
8532355
8532323
8532361
8532363
8532365
8532369
8532371
8532373
8532375
8532379
8532389
8532367
8532391
8532385
8532395
8532393
8532387
8532405
8532377
8532321
8532399
8532383
8532411
8532511
8532555
8532571
8532573
8532569
8532581
8532577
8532585
8532591
8532597
8532593
8532601
8532599
8532587
8532583
8532607
8532617
8532623
8532631
8532621
8532633
8532641
8532647
8532651
8532649
8532653
8532655
8532661
8532659
8532619
8532667
8532643
8532679
8532663
8532691
8532695
8532705
8532709
8532713
8532711
8532673
8532719
8532693
8532727
8532735
8532745
8532715
8532737
8532723
8532755
8532725
8532729
8532773
8532749
8532787
8532741
8532781
8532789
8532791
8532793
8532795
8532775
8532797
8532777
8532785
8532809
8532811
8532743
8532813
8532769
8532817
8532827
8532815
8532805
8532753
8532799
8532819
8532837
8532841
8532849
8532833
8532823
8532861
8532859
8532867
8532821
8532831
8532877
8532863
8532845
8532851
8532881
8532889
8532895
8532893
8532835
8532853
8532873
8532869
8532883
8532901
8532909
8532913
8532915
8532905
8532919
8532923
8532925
8532927
8532929
8532917
8532933
8532879
8532875
8532941
8532921
8532897
8532899
8532931
8532937
8532935
8532943
8532911
8532945
8532949
8532951
8532955
8532953
8532961
8532959
8532969
8532965
8532971
8532977
8532985
8532981
8532987
8532989
8532991
8532993
8532995
8532997
8532999
8533003
8533001
8533007
8533015
8533019
8533021
8533023
8533031
8533029
8533035
8533039
8533041
8533045
8533037
8533049
8533053
8533051
8533017
8533025
8533063
8533065
8533067
8533071
8533061
8533081
8533089
8533085
8533083
8533097
8533099
8533101
8533105
8533109
8533115
8533111
8533117
8533119
8533055
8533123
8533125
8533069
8533079
8533139
8533137
8533121
8533145
8533135
8533151
8533141
8533147
8533149
8533153
8533157
8533027
8533159
8533127
8533165
8533087
8533179
8533171
8533163
8533177
8533183
8533181
8533175
8533193
8533195
8533197
8533199
8533091
8533201
8533203
8533167
8533209
8533207
8533205
8533185
8533155
8533229
8533233
8533237
8533217
8533219
8533257
8533225
8533289
8533349
8533377
8533379
8533381
8533383
8533385
8533389
8533403
8533407
8533409
8533415
8533417
8533421
8533425
8533427
8533431
8533441
8533445
8533447
8533459
8533457
8533451
8533461
8533455
8533471
8533473
8533477
8533485
8533483
8533481
8533489
8533493
8533505
8533501
8533509
8533515
8533519
8533523
8533529
8533535
8533537
8533533
8533539
8533543
8533549
8533547
8533561
8533557
8533591
8533601
8533577
8533595
8533607
8533551
8533567
8533565
8533571
8533635
8533559
8533671
8533681
8533679
8533715
8533705
8533703
8533743
8533675
8533711
8533717
8533795
8533771
8533841
8533847
8533689
8533851
8533855
8533861
8533865
8533739
8533871
8533873
8533875
8533753
8533891
8533897
8533945
8533951
8533965
8533975
8533981
8533991
8533995
8533999
8533997
8534001
8534013
8534021
8534027
8533935
8534031
8534049
8534041
8534089
8534093
8534097
8534099
8534105
8534107
8534109
8534113
8534131
8534133
8534143
8534163
8534161
8534169
8534199
8534165
8534365
8534333
8534371
8534377
8534373
8534381
8534387
8534385
8534389
8534391
8534329
8534397
8534401
8534409
8534419
8534423
8534435
8534437
8534443
8534447
8534457
8534375
8534465
8534357
8534473
8534471
8534361
8534417
8534425
8534491
8534331
8534499
8534511
8534345
8534519
8534395
8534529
8534531
8534539
8534369
8534461
8534407
8534349
8534441
8534439
8534585
8534591
8534599
8534601
8534603
8534609
8534611
8534613
8534615
8534617
8534621
8534623
8534629
8534639
8534643
8534649
8534655
8534661
8534663
8534667
8534671
8534673
8534675
8534677
8534687
8534691
8534689
8534701
8534595
8534703
8534699
8534717
8534719
8534721
8534725
8534731
8534737
8534747
8534751
8534753
8534755
8534763
8534761
8534783
8534789
8534769
8534797
8534775
8534801
8534805
8534811
8534813
8534817
8534815
8534821
8534827
8534829
8534835
8534837
8534843
8534839
8534845
8534847
8534851
8534857
8534859
8534861
8534863
8534869
8534871
8534873
8534875
8534879
8534887
8534885
8534897
8534907
8534915
8534921
8534905
8534933
8534935
8534893
8534941
8534939
8534947
8534931
8534945
8534949
8534937
8534953
8534807
8534961
8534923
8534823
8534969
8534955
8534971
8534973
8534965
8534981
8534967
8534957
8534983
8534963
8534959
8535013
8535019
8535021
8535023
8535025
8535029
8535031
8535033
8535037
8535043
8535045
8535047
8535049
8535053
8535055
8535057
8535059
8535065
8535067
8535069
8535071
8535073
8535075
8535079
8535081
8535083
8535085
8535089
8535087
8535093
8535101
8535105
8535109
8535113
8535115
8534855
8535117
8535097
8535103
8535139
8535147
8535143
8535151
8535125
8535145
8535157
8535163
8535165
8535129
8535171
8535153
8535177
8535179
8535183
8535185
8535187
8535197
8535201
8535205
8535207
8535173
8535209
8535211
8535213
8535181
8535221
8535217
8535223
8535215
8535219
8535095
8535195
8535199
8535233
8535237
8535231
8535245
8535167
8535249
8535251
8535259
8535189
8535267
8535257
8535239
8535285
8535277
8535307
8535325
8535291
8535357
8535363
8535275
8535387
8535355
8535373
8535399
8535353
8535407
8535381
8535385
8535361
8535417
8535419
8535425
8535301
8535427
8535429
8535435
8535437
8535439
8535431
8535445
8535411
8535449
8535457
8535467
8535471
8535477
8535443
8535473
8535433
8535367
8535459
8535497
8535505
8535511
8535513
8535501
8535525
8535507
8535531
8535537
8535543
8535549
8535551
8535553
8535555
8535559
8535561
8535523
8535573
8535577
8535579
8535589
8535611
8535613
8535629
8535645
8535661
8535655
8535701
8535681
8535721
8535719
8535727
8535733
8535669
8535751
8535763
8535731
8535771
8535791
8535699
8535667
8535795
8535827
8535825
8535831
8535841
8535845
8535877
8535879
8535891
8535865
8535895
8535893
8535897
8535901
8535907
8535915
8535917
8535919
8535921
8535929
8535933
8535937
8535943
8535965
8535977
8535979
8535981
8535997
8535887
8536003
8536005
8536009
8536031
8536033
8536035
8536037
8535989
8536039
8536047
8536053
8536051
8536057
8536059
8536063
8536065
8536067
8536079
8536081
8536085
8536091
8536097
8536069
8536129
8536025
8536089
8536145
8536149
8536161
8536153
8536155
8536171
8536219
8536207
8536235
8536187
8536239
8536189
8536199
8536253
8536201
8536261
8536205
8536265
8536197
8536271
8536211
8536279
8536289
8536295
8536299
8536303
8536287
8536281
8536285
8536377
8536399
8536297
8536423
8536383
8536459
8536455
8536449
8536195
8536563
8536541
8536535
8536577
8536579
8536495
8536593
8536517
8536537
8536589
8536349
8536597
8536595
8536641
8536643
8536633
8536531
8536607
8536645
8536647
8536651
8536653
8536665
8536679
8536685
8536695
8536705
8536707
8536715
8536723
8536727
8536713
8536725
8536739
8536709
8536743
8536747
8536751
8536753
8536759
8536757
8536761
8536767
8536769
8536779
8536787
8536789
8536793
8536797
8536801
8536799
8536803
8536805
8536809
8536815
8536825
8536813
8536819
8536835
8536863
8536865
8536869
8536867
8536873
8536875
8536881
8536883
8536877
8536885
8536903
8536901
8536911
8536919
8536917
8536915
8536923
8536887
8536925
8536931
8536933
8536927
8536937
8536939
8536941
8536949
8536953
8536951
8536945
8536961
8536963
8536957
8536965
8536967
8536971
8536975
8536983
8536981
8536985
8536987
8536947
8536997
8536999
8537003
8536973
8537007
8536857
8537009
8537013
8537015
8537017
8537023
8537025
8537027
8537021
8537037
8537039
8537047
8537049
8537059
8537061
8537033
8537005
8537035
8537041
8537029
8537063
8537065
8537067
8537071
8537077
8537083
8537069
8537087
8537091
8537101
8537099
8537105
8537103
8537109
8537113
8537055
8537111
8537115
8537117
8537057
8537075
8537119
8537123
8537129
8537131
8537139
8537143
8537137
8537147
8537151
8537157
8537125
8537167
8537171
8537155
8537107
8537175
8537127
8537169
8537177
8537181
8537183
8537185
8537187
8537189
8537193
8537191
8537197
8537149
8537199
8537205
8537195
8537203
8537201
8537207
8537209
8537211
8537213
8537215
8537219
8536955
8537221
8537225
8537227
8537229
8537231
8537233
8537239
8537241
8537243
8537251
8537255
8537257
8537259
8537265
8537269
8537271
8537273
8537263
8537277
8537285
8537289
8537291
8537293
8537297
8537311
8537313
8537317
8537245
8537327
8537329
8537287
8537335
8537337
8537339
8537301
8537341
8537349
8537351
8537279
8537353
8537355
8537321
8537357
8537361
8537365
8537371
8537343
8537377
8537379
8537381
8537393
8537395
8537397
8537399
8537405
8537389
8537413
8537437
8537439
8537435
8537455
8537467
8537481
8537489
8537505
8537511
8537509
8537539
8537533
8537575
8537527
8537599
8537555
8537553
8537625
8537565
8537647
8537649
8537551
8537571
8537621
8537573
8537583
8537563
8537651
8537549
8537529
8537683
8537567
8537561
8537685
8537645
8537597
8537607
8537695
8537581
8537677
8537673
8537639
8537665
8537663
8537761
8537689
8537693
8537775
8537805
8537777
8537835
8537779
8537857
8537859
8537861
8537865
8537867
8537875
8537889
8537855
8537877
8537913
8537871
8537917
8537887
8537885
8537925
8537929
8537921
8537923
8537935
8537927
8537897
8537939
8537943
8537941
8537915
8537937
8537907
8537969
8537893
8537901
8537975
8537955
8537953
8537987
8537985
8537979
8537981
8537997
8537971
8537949
8537899
8537983
8537999
8537959
8537993
8537965
8537963
8537995
8537989
8538013
8538011
8538005
8538019
8538017
8538021
8538001
8538007
8538015
8538029
8538033
8538035
8537947
8538037
8538043
8538023
8538031
8538025
8538041
8538045
8538049
8538047
8538055
8538059
8538063
8538065
8538053
8538069
8538067
8538061
8538075
8538079
8538081
8538085
8538087
8538089
8538095
8538175
8538119
8538211
8538133
8538223
8538171
8538231
8538169
8538213
8538193
8538245
8538249
8538253
8538261
8538195
8538263
8538265
8538269
8538227
8538273
8538271
8538277
8538275
8538293
8538295
8538283
8538299
8538301
8538303
8538333
8538335
8538339
8538341
8538327
8538337
8538349
8538353
8538355
8538351
8538367
8538369
8538373
8538381
8538389
8538385
8538399
8538375
8538405
8538401
8538411
8538413
8538359
8538419
8538357
8538361
8538407
8538449
8538451
8538453
8538423
8538429
8538395
8538459
8538445
8538421
8538461
8538439
8538467
8538471
8538475
8538477
8538443
8538447
8538409
8538427
8538483
8538457
8538469
8538463
8538491
8538489
8538499
8538493
8538473
8538465
8538497
8538485
8538505
8538501
8538503
8538507
8538479
8538455
8538495
8538509
8538487
8538513
8538515
8538517
8538519
8538521
8538527
8538529
8538537
8538535
8538539
8538541
8538543
8538545
8538551
8538559
8538557
8538565
8538571
8538577
8538585
8538593
8538591
8538597
8538599
8538603
8538609
8538587
8538601
8538595
8538579
8538631
8538633
8538639
8538641
8538649
8538625
8538651
8538643
8538667
8538645
8538683
8538325
8538691
8538695
8538669
8538681
8538699
8538661
8538685
8538707
8538709
8538675
8538715
8538719
8538721
8538723
8538739
8538745
8538747
8538749
8538735
8538751
8538733
8538753
8538761
8538765
8538767
8538763
8538769
8538743
8538785
8538777
8538793
8538737
8538799
8538647
8538805
8538811
8538687
8538713
8538897
8538899
8538921
8538943
8538955
8538945
8538965
8538953
8538957
8538963
8538987
8538999
8539003
8539005
8539013
8539001
8539011
8539031
8539035
8539007
8539025
8539039
8539041
8539029
8539019
8539037
8539049
8539061
8539051
8539079
8539071
8539093
8539033
8539103
8539121
8539129
8539127
8539137
8539133
8539135
8539139
8539145
8539151
8539153
8539155
8539159
8539149
8539163
8539157
8539125
8539169
8539171
8539177
8539183
8539189
8539181
8539199
8539203
8539217
8539201
8539225
8539227
8539209
8539215
8539235
8539237
8539239
8539223
8539233
8539247
8539231
8539221
8539241
8539251
8539245
8539255
8539259
8539541
8540053
8540071
8540243
8540259
8540261
8540293
8540549
8540613
8540825
8540861
8540951
8540983
8541089
8541175
8541189
8541183
8541365
8541477
8541483
8541565
8541595
8541655
8541657
8541659
8541673
8541693
8541787
8541811
8541965
8542077
8542079
8542111
8542131
8542139
8542149
8542241
8542247
8542209
8542239
8542243
8542215
8542219
8542245
8542211
8542231
8542221
8542227
8542333
8542351
8542307
8542839
8542861
8542887
8542923
8542927
8543013
8543015
8543047
8543649
8543677
8543697
8543709
8543729
8544215
8544225
8543781
8543797
8544661
8544885
8545167
8545173
8545175
8545197
8545199
8545215
8545245
8545267
8545271
8545573
8545679
8545681
8545683
8545685
8545741
8545813
8545907
8545951
8546009
8546161
8546205
8546621
8546689
8546909
8547037
8547057
8547115
8547145
8547221
8547235
8547413
8547435
8547699
8547805
8547867
8548025
8548029
8548111
8548215
8548577
8548611
8548633
8548683
8548837
8548849
8548925
8549013
8549107
8549209
8549249
8549323
8549743
8549747
8549815
8549829
8549845
8549883
8549985
8549991
8550187
8550207
8550213
8550219
8550249
8550289
8550325
8550339
8550435
8550667
8550681
8550861
8550869
8550889
8550891
8550895
8550927
8550935
8551001
8551005
8551009
8551037
8551041
8551069
8551077
8551079
8551083
8551091
8551095
8551105
8551111
8551115
8551119
8551127
8551129
8551139
8551141
8551145
8551151
8551161
8551165
8551169
8551173
8551175
8551179
8551183
8551187
8551189
8551193
8551197
8551199
8551203
8551207
8551209
8551213
8551215
8551219
8551221
8551225
8551227
8551237
8551243
8551247
8551257
8551261
8551267
8551271
8551275
8551285
8551289
8551291
8551295
8551299
8551301
8551305
8551307
8551311
8551315
8551319
8551323
8551325
8551327
8551331
8551333
8551335
8551339
8551347
8551349
8551351
8551353
8551357
8551361
8551365
8551369
8551371
8551373
8551379
8551421
8551425
8551427
8551431
8551433
8551437
8551441
8551443
8551447
8551449
8551451
8551453
8551459
8551461
8551483
8551485
8551487
8551491
8551495
8551497
8551499
8551501
8551505
8551507
8551509
8551515
8551511
8551517
8551519
8551521
8551523
8551525
8551529
8551533
8551535
8551537
8551539
8551543
8551545
8551547
8551551
8551553
8551555
8551557
8551559
8551561
8551563
8551565
8551567
8551569
8551571
8551573
8551575
8551577
8551579
8551581
8551583
8551585
8551587
8551589
8551591
8551593
8551595
8551597
8551599
8551601
8551605
8551607
8551609
8551611
8551613
8551615
8551617
8551619
8551621
8551623
8551625
8551627
8551629
8551631
8551633
8551635
8551637
8551639
8551641
8551643
8551645
8551647
8551649
8551651
8551653
8551655
8551659
8551715
8551759
8551765
8551773
8551791
8551817
8551833
8551859
8551959
8552003
8552427
8552485
8552491
8552523
8552639
8552647
8552711
8552709
8552749
8552779
8552935
8553039
8553089
8553151
8553189
8553187
8553397
8553395
8553401
8553451
8553503
8553507
8553511
8553513
8553517
8553549
8553557
8553559
8553567
8553599
8553617
8553619
8553731
8553757
8554051
8554079
8554109
8554149
8554151
8554203
8554223
8554231
8554235
8554275
8554291
8554289
8554303
8554343
8554383
8554431
8554435
8554437
8542153
8554761
8554797
8554863
8554899
8554911
8554939
8554953
8555035
8555053
8555065
8555081
8555095
8555129
8555149
8555167
8555177
8555183
8555185
8555193
8555191
8555271
8555269
8555299
8555391
8555425
8555431
8555575
8555579
8555581
8555603
8555697
8555775
8555797
8555809
8555827
8555841
8555847
8555947
8555967
8555975
8555999
8556019
8556035
8556117
8556313
8556559
8556583
8556669
8556727
8556869
8557007
8557021
8557369
8557579
8557635
8557655
8557689
8557691
8557719
8557753
8557763
8558037
8558137
8558201
8558219
8558253
8558417
8558507
8558509
8558537
8558547
8558571
8558633
8558681
8558691
8558773
8558927
8559059
8559181
8559185
8559275
8559359
8559455
8559451
8559473
8559499
8559505
8559543
8559581
8559613
8559637
8559641
8559643
8559647
8559655
8559665
8559861
8559873
8559893
8559995
8560001
8560259
8560433
8560477
8560575
8560657
8560693
8560775
8560781
8560825
8560883
8560889
8561099
8561369
8561371
8561451
8561435
8561379
8561419
8561487
8561425
8561453
8561403
8561529
8561441
8561521
8561567
8561463
8561531
8561559
8561679
8561695
8561807
8561863
8561953
8561955
8561969
8561991
8562001
8562075
8562165
8562455
8562491
8562587
8562593
8562619
8562643
8562649
8562789
8562799
8562821
8562841
8562895
8562939
8562941
8562973
8563087
8563101
8563153
8563235
8563243
8563339
8563405
8563409
8563509
8563533
8563545
8563589
8563711
8563929
8564073
8564181
8564209
8564717
8564737
8564751
8564763
8564777
8564917
8565103
8565201
8565207
8565259
8565263
8565273
8565359
8565389
8565411
8565723
8565847
8565875
8565957
8565983
8566481
8566515
8566559
8566525
8566597
8566625
8566601
8566607
8566587
8566595
8566647
8566743
8566827
8566891
8567085
8567095
8567231
8567255
8567257
8567261
8567293
8567315
8567377
8567751
8567933
8567975
8567977
8568123
8568291
8568329
8568445
8568447
8568479
8568735
8569071
8569151
8569343
8569495
8569657
8569723
8569799
8569829
8569839
8569871
8569925
8570035
8570163
8570191
8570537
8570665
8570891
8570893
8571079
8571095
8571107
8571173
8571311
8571401
8571405
8571545
8571541
8571581
8571613
8571945
8572061
8572201
8572277
8572287
8572371
8572437
8572629
8572991
8573169
8573187
8573211
8573245
8573273
8573573
8573733
8573933
8574131
8574211
8574409
8574437
8574457
8574605
8574629
8574665
8574673
8574819
8575239
8575279
8575347
8575579
8575607
8575645
8575647
8575837
8575879
8575961
8576107
8576247
8576413
8576607
8576671
8576923
8577107
8577109
8577121
8577139
8577167
8577223
8577251
8577269
8577287
8577309
8577325
8577339
8577369
8577403
8577421
8577509
8577513
8577543
8577555
8577553
8577609
8577639
8577783
8577837
8577853
8577871
8578027
8578427
8578389
8578467
8578381
8578569
8578409
8578595
8578377
8578453
8578617
8578639
8578543
8578401
8578671
8578571
8578541
8578803
8578775
8578829
8578425
8578645
8578511
8578821
8578589
8578791
8578805
8578629
8578787
8578751
8578731
8578849
8578761
8578777
8578845
8578825
8578823
8578981
8578997
8578395
8578415
8578445
8578455
8579173
8579237
8579201
8579207
8579241
8579227
8579283
8579203
8579191
8579275
8579167
8579189
8579233
8579205
8579223
8579273
8579193
8579255
8579221
8579183
8579247
8578469
8579307
8579297
8579301
8579299
8579397
8579311
8579335
8579319
8579387
8579391
8579317
8579421
8579339
8579399
8579313
8579441
8579359
8579323
8579369
8579443
8579393
8579325
8579479
8579427
8579459
8579429
8579389
8579411
8579401
8579523
8579529
8579425
8579351
8579483
8579371
8579499
8579315
8579403
8579353
8579457
8578581
8579505
8579365
8579435
8579419
8579591
8579373
8579495
8579415
8579521
8579569
8579433
8579409
8579333
8579519
8579617
8579589
8579593
8579595
8579501
8579561
8579587
8579503
8579577
8579575
8579531
8579579
8579615
8579623
8579625
8579537
8579627
8579527
8579543
8579583
8579413
8578657
8579631
8579601
8578697
8578719
8578745
8578815
8578827
8578831
8578835
8579063
8579127
8579767
8579261
8579251
8579269
8579449
8579279
8579489
8579491
8579515
8579511
8579517
8579573
8579599
8579619
8579605
8579603
8579905
8579967
8580031
8580065
8580073
8580125
8580253
8580279
8580187
8580543
8580449
8580629
8580659
8580671
8580713
8580727
8580739
8580843
8581049
8581165
8581175
8581183
8581209
8581251
8581295
8581329
8581471
8581541
8581579
8581711
8581713
8581789
8581871
8581921
8581949
8581995
8582213
8582363
8582455
8582477
8582497
8582535
8582639
8582679
8582689
8582681
8582707
8582705
8582675
8582677
8582693
8582685
8583131
8583623
8584309
8584357
8584537
8584553
8584733
8584817
8584987
8585105
8585179
8585255
8585425
8585523
8585541
8585565
8585785
8585843
8585845
8585899
8586061
8586069
8586093
8586105
8586115
8586255
8586487
8586493
8586611
8586889
8586903
8587253
8596585
8596597
8596625
8596725
8597001
8597003
8597331
8597399
8597541
8597571
8597703
8597715
8597755
8597775
8597923
8597941
8598393
8598479
8598511
8598505
8598495
8598493
8598543
8598489
8598529
8598497
8598491
8598551
8598527
8598521
8598573
8598509
8598555
8598533
8598535
8598545
8598579
8598503
8598627
8598589
8598507
8598541
8598591
8598623
8598463
8598567
8598577
8598613
8598697
8598701
8598767
8599375
8599403
8599481
8599543
8599565
8599567
8599569
8599617
8599881
8599767
8599923
8599931
8599893
8600291
8602885
8603297
8603703
8606017
8606289
8607893
8609193
8609617
8609769
8610091
8610183
8610197
8610199
8610261
8610269
8610323
8610331
8610373
8610433
8610497
8610579
8610887
8611005
8611009
8611107
8611117
8611197
8611239
8611261
8611295
8611293
8611299
8611323
8611367
8611405
8611431
8611465
8611479
8611485
8611525
8611587
8599961
8611773
8611793
8611799
8611781
8611845
8611865
8611901
8611907
8611905
8611909
8611953
8612065
8612199
8612207
8612415
8612779
8612789
8612813
8612925
8613053
8613487
8613537
8613539
8613551
8613605
8613713
8613785
8613851
8613857
8613927
8613929
8613945
8614077
8614207
8614471
8614541
8614603
8614821
8614859
8614899
8615067
8615163
8615175
8615493
8615767
8615779
8615823
8615883
8615929
8615937
8615949
8615967
8616495
8616513
8616523
8616543
8616579
8616745
8616785
8616823
8616835
8616901
8616973
8617291
8617405
8617591
8617731
8617861
8618333
8618367
8618439
8618653
8618769
8618885
8618869
8618949
8619013
8619025
8619145
8619467
8619549
8619989
8620369
8620423
8620527
8620529
8620531
8620539
8620555
8620633
8620695
8620721
8620811
8623397
8623565
8623547
8623525
8624013
8623997
8624017
8624051
8624083
8624081
8623815
8624149
8624151
8624215
8624239
8624351
8624375
8624381
8624425
8624517
8624539
8624567
8624629
8624659
8624705
8624799
8624825
8625345
8625375
8625567
8625617
8625849
8625955
8626033
8626109
8626139
8626137
8626435
8626439
8626485
8626639
8626649
8626675
8626719
8626785
8626877
8626921
8626937
8626999
8627039
8627151
8627169
8627159
8627297
8627333
8627389
8627439
8627617
8627687
8627619
8627677
8627771
8627633
8627713
8627709
8627717
8627749
8627793
8627735
8627775
8627805
8627799
8627829
8627821
8627845
8627847
8627879
8627843
8627967
8627863
8627973
8627925
8627919
8627955
8627933
8627957
8628019
8628081
8627761
8627965
8627907
8628017
8627835
8628031
8628023
8628055
8628063
8628069
8628095
8628077
8628099
8628057
8628115
8627895
8627683
8627689
8627705
8627701
8627699
8627711
8627715
8627745
8627763
8627773
8627769
8627777
8627779
8627797
8627823
8627831
8627837
8627859
8627861
8627871
8627877
8627873
8627875
8627881
8627885
8627893
8627897
8627917
8627927
8627951
8628007
8628013
8628035
8628659
8628051
8628819
8628803
8629433
8629431
8629457
8629523
8629575
8629623
8629647
8629733
8629903
8629891
8629919
8629985
8630019
8630209
8630219
8630349
8630347
8630359
8630363
8630391
8630357
8630419
8630395
8630417
8630373
8630429
8630351
8630467
8630447
8630469
8630465
8630471
8630381
8630401
8630353
8630439
8630453
8630423
8630455
8630451
8630311
8630355
8630393
8630387
8630413
8630427
8630437
8630443
8630445
8630449
8630459
8630461
8630463
8630525
8630509
8630543
8630717
8630721
8630729
8630773
8630833
8630841
8630567
8630963
8630625
8631145
8631205
8630835
8631297
8631605
8631811
8631611
8631949
8631963
8632017
8632075
8632089
8632299
8632965
8633787
8633925
8633961
8633947
8633929
8633923
8634077
8633927
8634051
8634107
8634013
8633983
8634071
8634023
8634079
8634069
8634001
8633971
8633987
8634125
8634113
8634137
8634103
8634119
8634033
8634127
8634097
8634083
8634019
8634143
8634031
8634141
8634149
8634123
8634145
8634039
8633931
8634053
8634055
8634057
8634061
8634065
8634163
8634087
8634085
8634093
8634105
8634115
8634117
8634121
8634715
8634907
8635019
8635029
8635035
8635049
8635095
8635109
8635075
8635133
8635143
8635047
8635155
8635071
8635085
8635077
8635167
8635105
8635223
8635057
8635187
8635135
8635175
8635103
8635101
8635059
8635121
8635341
8635087
8635181
8635149
8635211
8635145
8635157
8635165
8635159
8635129
8635197
8635203
8635233
8635183
8635237
8635147
8635307
8635171
8635185
8635219
8635239
8635243
8635283
8635447
8635499
8635453
8635505
8635451
8635485
8635449
8635461
8635441
8635497
8635483
8635459
8635491
8635489
8635503
8635527
8635549
8635487
8635521
8635519
8635525
8635443
8635573
8635463
8635481
8635469
8635591
8635471
8635607
8635615
8635545
8635587
8635509
8635445
8635493
8635631
8635479
8635465
8635543
8635287
8635473
8635643
8635501
8635495
8635601
8635537
8635555
8635507
8635523
8635475
8635455
8635513
8635611
8635565
8635595
8635669
8635583
8635577
8635477
8635681
8635609
8635671
8635569
8635547
8635659
8635567
8635641
8635541
8635649
8635593
8635655
8635635
8635617
8635647
8635511
8635613
8635653
8635645
8635697
8635677
8635707
8635691
8635557
8635717
8635689
8635673
8635713
8635711
8635725
8635699
8635721
8635633
8635715
8635723
8635667
8635627
8635517
8635533
8635531
8635553
8635559
8635561
8635579
8635575
8635585
8635581
8635597
8635605
8635619
8635637
8635639
8635685
8635695
8636113
8636115
8636637
8636793
8636969
8637095
8637531
8637525
8637571
8637673
8637677
8637859
8637895
8637855
8637865
8637893
8637871
8637869
8637931
8637841
8637887
8637947
8637863
8637873
8637907
8637927
8637879
8637837
8637847
8637843
8637909
8637835
8637853
8637969
8637935
8637839
8637905
8637901
8637929
8637849
8637987
8637845
8637881
8637921
8637985
8637941
8637951
8637913
8637891
8637897
8637911
8637919
8637939
8637989
8637923
8637903
8637899
8637925
8637943
8637945
8637977
8637959
8637949
8637963
8637973
8637955
8637967
8637965
8637975
8637983
8638031
8638035
8638025
8638043
8638049
8638205
8638257
8638405
8638533
8638607
8638641
8638643
8638995
8639021
8638993
8639039
8639033
8639031
8639035
8639029
8639027
8639093
8639229
8639231
8639235
8639317
8639425
8639437
8639475
8639517
8639525
8639537
8639547
8639653
8639655
8640149
8640223
8640323
8640333
8640349
8640359
8640425
8640435
8640473
8640501
8640499
8640505
8640509
8640555
8640563
8640721
8640725
8640893
8641073
8641117
8641147
8641163
8641287
8641431
8641659
8641725
8641749
8641797
8641793
8641795
8642019
8642033
8642173
8642203
8642205
8642211
8642209
8642207
8642297
8642301
8642317
8642419
8642433
8642455
8642609
8642625
8642731
8642733
8642735
8642729
8642835
8642951
8643075
8643127
8643145
8643205
8643209
8643215
8643239
8643297
8643353
8643389
8643469
8643585
8643805
8644159
8644241
8644289
8644327
8644595
8644629
8644631
8644633
8644669
8644877
8644961
8645029
8645085
8645087
8645257
8645269
8645291
8645295
8645287
8645327
8645339
8645373
8645755
8645795
8645837
8645835
8646039
8646043
8646153
8646175
8646295
8646293
8646299
8646333
8646575
8646577
8646757
8646915
8647371
8647401
8647409
8647457
8647823
8647827
8647769
8647799
8647871
8647875
8647937
8647945
8648135
8648153
8648159
8648191
8648217
8648221
8648253
8648257
8648305
8648363
8648375
8648495
8648515
8648795
8648839
8648851
8648855
8648853
8648963
8648979
8649275
8649291
8649293
8649343
8649385
8649395
8649401
8649651
8649795
8649793
8649913
8650007
8650031
8650145
8650209
8650223
8650229
8650273
8650293
8650403
8650443
8650543
8650545
8650581
8650605
8650649
8650857
8650891
8651259
8651253
8651627
8651689
8651721
8651725
8651723
8651813
8652357
8652367
8652363
8652447
8652553
8652585
8652591
8652589
8652687
8652721
8652849
8652847
8653309
8653371
8653597
8653653
8653669
8653685
8653761
8653767
8653807
8653815
8653803
8653829
8654245
8654341
8654521
8654535
8654537
8654539
8654615
8654629
8654921
8654981
8655049
8655047
8655097
8655099
8655069
8655095
8655227
8655267
8655287
8655135
8655237
8655203
8655189
8655297
8655461
8655499
8655555
8655591
8655593
8655983
8655999
8655997
8655995
8656021
8656185
8656263
8656325
8656335
8656337
8656363
8656413
8656409
8656471
8656473
8656535
8656539
8657089
8657105
8657117
8657173
8657247
8657285
8657293
8657299
8657329
8657481
8657483
8657549
8657615
8657633
8657659
8657657
8657717
8657763
8657875
8657883
8657885
8657887
8657889
8657961
8658171
8658207
8658217
8658403
8658617
8658729
8658757
8658889
8658911
8658989
8658993
8658991
8659057
8659059
8659081
8659083
8659231
8659361
8659721
8659723
8659717
8659725
8659719
8659729
8659915
8659973
8659995
8660109
8660107
8660105
8660303
8660299
8660301
8660343
8660495
8660619
8660651
8660661
8660663
8660681
8660799
8660873
8660891
8660905
8660911
8661019
8661095
8661187
8661189
8661405
8661445
8661465
8661589
8661595
8661593
8661671
8661869
8661939
8661993
8662203
8662261
8662263
8662283
8662321
8662465
8662625
8662633
8662833
8662847
8662867
8662923
8662943
8663207
8663209
8663313
8663345
8663379
8663381
8663683
8663695
8663743
8663749
8663755
8663787
8663955
8663967
8663971
8663965
8663999
8664185
8664199
8664257
8664315
8664311
8664349
8664453
8664455
8664457
8664743
8664873
8664957
8665111
8665119
8665177
8665185
8665273
8666483
8665781
8666161
8665973
8666167
8666429
8666169
8666397
8666385
8666391
8666371
8666369
8666451
8666441
8666425
8666049
8666327
8666319
8666311
8666343
8666313
8666333
8666325
8666329
8666323
8666419
8666359
8666355
8666353
8666437
8666171
8666393
8666395
8666309
8666787
8666719
8666925
8666931
8667057
8667085
8667269
8667305
8667309
8667329
8667377
8667379
8667369
8667367
8667373
8667375
8667365
8667371
8667401
8667521
8667517
8667527
8667641
8667657
8667735
8667813
8667967
8668039
8668063
8668087
8668089
8668093
8668091
8668117
8668133
8668201
8668223
8668397
8668543
8668607
8668795
8668913
8669239
8669279
8669281
8669329
8669671
8669745
8669775
8669779
8669785
8669789
8669795
8670011
8670157
8670179
8670221
8670225
8670265
8670315
8670353
8670359
8670361
8670393
8670399
8670405
8670415
8670413
8670427
8670523
8670763
8670821
8671073
8671219
8671221
8671297
8671391
8671509
8671443
8671411
8671467
8671421
8671485
8671451
8671405
8671511
8671533
8671481
8671499
8671581
8671523
8671613
8671593
8671529
8671649
8671677
8671675
8672047
8672043
8672147
8672191
8492605
8491295
8490923
8490473
8490427
8490399
8490337
8490287
8490279
8490303
8489853
8489843
8489747
8490049
8490023
8490233
8489839
8487403
8486981
8481713
8481627
8481621
8477805
8513877
8513757
8513751
8513743
8513663
8513279
8519449
8519591
8519533
8519885
8517417
8672551
8654951
8669001
8668963
8668999
8669003
8669053
8669051
8669135
8669131
8669185
8669141
8671527
8671497
8671539
8671543
8669119
8671575
8671573
8669087
8669125
8669145
8669143
8672707
8671579
8669203
8672611
8672613
8672643
8672843
8672851
8672853
8672873
8672987
8672427
8494581
8498221
8501705
8501783
8507301
8510185
8510753
8513227
8513409
8513405
8513349
8513269
8513267
8515849
8517549
8518123
8518077
8518493
8519979
8520025
8520045
8520155
8523669
8672497
8535773
8537373
8540975
8541267
8541469
8541383
8541521
8543481
8543549
8545881
8546631
8547901
8554209
8475475
8475491
8672343
8672349
8672347
8672345
8453421
8453751
8453747
8453743
8457399
8672317
8672325
8672255
8672257
8672259
8672271
8672269
8673107
8673229
8673255
8673623
8673617
8673661
8673673
8674035
8674351
8674239
8674311
8674439
8674295
8674431
8674427
8674413
8674537
8673267
8673337
8673305
8674185
8674491
8674535
8674433
8674519
8674511
8674737
8674739
8674569
8674941
8674191
8674213
8675325
8675317
8675377
8675399
8675421
8675423
8675431
8675579
8675581
8675595
8675659
8676053
8676337
8676363
8676537
8676573
8676613
8676693
8676739
8676741
8676747
8676805
8676817
8676953
8677083
8677139
8677151
8677215
8677257
8677261
8677299
8677323
8677411
8677423
8677455
8677559
8677569
8677621
8677617
8677631
8677659
8677689
8677737
8677811
8677831
8677883
8677977
8677979
8678077
8678095
8678097
8678137
8678147
8678179
8678181
8678243
8678673
8678747
8678851
8678931
8678953
8678977
8678999
8679001
8679003
8679043
8679045
8679111
8679179
8679371
8679467
8679471
8679533
8679535
8679537
8673247
8679571
8679563
8679565
8679567
8679569
8679587
8679607
8679679
8679683
8679681
8679753
8679757
8679855
8679917
8679933
8679995
8680095
8680107
8680109
8680115
8680113
8680189
8680225
8680299
8680301
8680507
8680619
8680613
8680617
8680609
8680611
8680607
8680615
8680863
8680905
8681029
8681037
8681043
8681079
8681077
8681103
8681105
8681107
8681111
8681191
8681277
8681575
8681589
8681591
8681595
8681585
8681615
8681607
8681661
8681659
8681663
8681739
8681777
8681797
8681817
8681829
8681815
8681841
8681871
8681883
8681865
8681885
8681947
8681945
8681937
8681963
8681995
8681991
8682047
8682093
8682105
8682121
8682157
8682165
8682169
8682219
8682221
8682267
8682279
8682315
8682379
8682543
8682563
8682565
8682769
8682811
8682837
8682911
8682913
8682959
8682969
8682985
8683033
8683059
8683063
8683061
8683087
8683271
8683337
8683379
8683441
8683443
8683439
8683475
8683497
8683711
8683725
8683855
8683937
8684207
8684215
8684561
8684659
8685123
8685161
8685331
8685367
8685671
8685763
8685767
8685781
8685775
8685783
8685777
8685779
8685789
8686245
8686439
8686527
8686677
8686907
8686939
8687057
8687065
8687097
8687113
8687123
8687125
8687133
8687139
8687151
8687159
8687321
8687741
8687755
8687759
8687777
8687779
8687785
8687789
8687775
8687793
8687795
8687791
8687807
8687773
8687787
8687803
8687783
8687781
8687799
8687797
8687811
8687801
8687809
8687813
8688231
8688241
8688245
8688281
8688285
8688379
8688615
8688937
8688965
8689007
8689025
8689019
8689023
8689021
8689191
8689413
8689719
8689735
8689745
8689747
8689739
8689783
8689899
8689893
8689895
8689935
8689939
8689933
8689937
8689929
8689927
8689941
8690327
8690503
8690677
8690733
8690729
8690731
8690737
8690735
8690739
8690757
8690777
8690761
8690763
8690775
8690771
8690773
8690829
8690825
8690817
8690821
8690823
8690815
8690827
8690819
8690835
8690813
8690837
8690873
8690877
8691273
8691319
8691573
8691597
8691627
8691657
8691659
8691785
8691805
8691849
8691855
8691921
8691939
8691947
8691955
8691959
8692037
8692075
8692083
8692089
8692105
8692107
8692125
8692163
8692161
8692157
8692167
8692159
8692153
8692165
8692189
8692181
8692179
8692185
8692183
8692201
8692273
8692283
8692321
8692339
8692351
8692333
8692335
8692355
8692363
8692329
8692353
8692361
8692347
8692331
8692337
8692345
8692343
8692341
8692357
8692349
8692359
8692365
8692391
8692399
8692505
8692697
8692691
8692693
8692701
8692755
8692867
8692877
8692907
8692915
8692965
8693057
8693065
8693081
8693153
8693171
8693173
8693235
8693263
8693287
8693303
8693377
8693399
8693427
8693895
8694187
8694261
8694273
8694265
8694269
8694263
8694275
8694259
8694271
8694267
8694277
8694359
8694397
8694395
8694383
8694421
8694443
8694741
8694833
8695043
8695195
8695197
8695207
8695257
8695291
8695225
8695215
8695293
8695325
8768021
8768123
8768249
8768935
8769801
8770027
8769949
8769951
8769937
8770035
8769957
8770077
8770081
8770085
8769993
8769963
8770107
8770235
8770497
8748461
8770771
8770773
8770939
8771091
8771127
8773859
8773857
8774307
8774539
8774789
8775505
8775569
8775571
8775611
8775653
8775699
8775759
8775757
8775803
8775853
8775855
8775887
8778695
8778689
8778687
8778799
8778805
8778869
8778891
8779233
8779237
8779395
8779419
8779411
8779471
8779599
8779711
8779919
8779941
8779959
8780171
8780233
8780377
8780633
8780709
8780719
8781055
8781045
8781269
8781283
8781695
8781793
8781857
8781861
8781871
8781855
8781873
8781867
8781859
8781917
8781919
8781949
8781973
8781989
8782101
8782271
8782291
8782379
8782377
8782375
8782385
8782391
8782475
8782609
8782659
8782685
8782693
8782701
8782699
8782695
8782715
8782735
8783349
8783517
8783555
8783557
8783575
8783593
8783955
8784013
8784151
8784179
8784289
8784615
8784839
8784931
8784933
8785121
8785291
8785435
8785589
8785601
8785889
8785937
8786165
8786279
8786537
8787413
8787561
8787567
8787621
8787635
8787681
8787935
8787933
8787973
8788203
8788271
8788305
8788307
8788309
8788401
8788543
8788661
8788789
8788873
8788973
8788993
8789011
8789071
8789097
8789153
8789237
8789233
8789249
8789251
8789261
8789453
8789523
8789537
8789541
8789545
8789543
8789605
8789665
8789795
8789825
8789873
8789893
8789995
8790117
8790135
8790345
8790639
8790723
8790919
8790961
8791057
8791085
8791167
8791235
8791245
8791267
8791279
8791317
8791357
8791367
8791355
8791421
8791371
8791423
8791419
8791381
8791417
8791415
8791467
8791535
8791579
8791569
8791627
8791599
8791671
8791659
8791663
8791657
8791661
8791665
8791673
8791667
8791669
8791697
8791691
8791695
8791693
8791813
8791839
8791825
8792041
8792103
8792137
8792155
8792157
8792167
8792173
8792219
8792247
8792295
8792293
8792301
8792395
8792407
8792429
8792459
8792539
8792587
8792599
8792603
8792605
8792619
8792617
8792697
8792729
8792735
8792757
8792785
8792827
8792829
8792843
8792871
8792959
8792975
8792991
8793057
8793061
8793085
8793103
8793117
8793129
8793191
8793211
8793219
8793265
8793281
8793357
8793401
8793403
8793411
8793417
8793419
8793421
8793427
8793431
8793429
8793439
8793471
8793499
8793555
8793557
8793697
8793701
8793717
8793725
8793759
8793831
8793827
8793835
8793837
8793845
8793965
8793969
8793981
8794019
8794027
8794135
8794147
8794153
8794481
8794483
8794543
8794613
8794615
8794621
8794681
8794843
8794875
8794967
8795061
8795171
8795249
8795245
8795259
8795257
8795265
8795291
8795321
8795379
8795413
8795423
8795439
8795443
8795507
8795583
8795665
8795673
8795699
8795761
8795763
8795801
8795857
8795919
8795987
8795989
8796023
8796025
8796117
8796113
8796123
8796221
8796253
8796351
8796639
8796645
8796821
8796931
8796971
8797009
8797029
8797111
8797171
8797185
8797269
8797271
8797323
8797349
8797461
8797493
8797735
8797751
8797815
8797951
8798159
8798213
8798229
8798239
8798355
8798413
8798493
8798581
8798711
8798727
8798729
8798739
8798733
8798737
8798743
8798749
8798747
8798753
8798757
8798755
8798763
8798745
8798761
8798751
8798769
8798777
8798773
8798765
8798779
8798787
8798795
8798793
8798799
8798803
8798807
8798789
8798783
8798797
8798801
8798815
8798819
8798823
8798835
8798839
8798865
8798879
8798941
8798947
8798961
8799083
8799101
8799121
8799145
8799151
8799183
8799213
8799225
8799241
8799247
8799253
8799267
8799279
8799281
8799275
8799289
8799291
8799297
8799303
8799331
8799365
8799361
8799367
8799413
8799411
8799435
8799445
8799499
8799509
8799531
8799551
8799597
8799659
8799671
8799703
8799745
8799815
8799963
8799987
8800051
8800115
8800137
8800267
8800291
8800315
8800335
8800393
8800429
8800437
8800441
8800479
8800583
8800579
8800617
8800683
8800713
8800825
8800831
8800881
8800885
8800903
8800915
8800963
8801259
8801275
8801321
8801367
8801415
8801511
8801639
8801791
8801945
8802081
8802103
8802117
8802115
8802135
8802309
8802311
8802341
8802353
8802517
8802771
8802803
8802905
8802909
8802951
8803073
8803215
8803269
8803325
8803327
8803397
8803399
8803425
8803455
8803537
8803591
8803597
8803871
8803879
8803885
8803975
8804051
8804061
8804077
8804101
8804163
8804171
8804271
8804277
8804319
8804327
8804375
8804377
8804389
8804397
8804505
8804565
8804571
8804601
8804627
8804845
8804857
8805015
8805025
8805073
8805089
8805097
8805113
8805131
8805177
8805233
8805279
8805283
8805393
8805399
8805429
8805535
8805567
8805653
8805657
8805667
8805677
8805745
8805751
8805835
8806047
8806091
8806153
8806235
8806479
8806495
8806543
8806697
8806775
8806829
8806835
8806857
8806911
8806929
8806961
8806965
8807009
8807045
8807135
8807131
8807153
8807267
8807487
8807495
8807637
8807829
8807845
8807963
8807977
8808059
8808281
8808273
8808277
8808317
8808353
8808395
8808347
8808423
8808425
8808411
8808413
8808509
8808531
8808533
8808525
8808541
8808567
8808575
8808583
8808607
8808667
8808661
8808659
8808663
8808671
8808847
8808891
8808973
8809017
8809031
8809059
8809089
8809123
8809139
8809173
8809201
8809305
8809335
8809445
8809797
8809823
8809829
8809841
8809895
8809991
8810023
8810045
8810059
8810155
8810261
8810323
8810321
8810331
8810363
8810445
8810449
8810457
8810459
8810495
8810507
8810523
8810623
8810773
8810839
8810873
8810881
8810895
8810919
8811007
8811033
8811047
8811067
8811121
8811131
8811245
8811247
8811271
8811397
8811413
8811421
8811463
8811501
8811539
8811549
8811567
8811573
8811811
8811975
8811983
8812099
8812185
8812197
8812255
8812335
8812427
8812483
8812667
8812715
8812761
8812865
8812923
8812945
8813057
8813071
8813073
8813095
8813121
8813115
8813153
8813269
8813325
8813361
8813377
8813519
8813633
8813671
8813685
8813731
8813763
8813795
8813805
8813843
8813867
8813881
8813885
8813919
8813925
8813927
8813997
8814025
8814075
8814077
8814087
8814469
8814477
8814513
8814523
8814587
8814663
8814711
8814759
8814827
8814969
8815005
8815167
8815183
8815187
8815197
8815313
8815337
8815331
8815339
8815407
8815415
8815519
8815559
8815657
8815757
8815759
8815775
8815783
8816065
8816181
8816185
8816243
8816265
8816281
8816315
8816319
8816361
8816369
8816411
8816423
8816437
8816645
8816719
8816773
8816791
8816801
8816897
8817085
8817107
8817477
8817509
8817641
8817905
8818047
8818067
8818513
8818517
8818621
8818743
8818775
8818783
8818801
8818807
8818901
8818917
8818931
8818985
8819011
8819255
8819309
8819313
8819479
8819483
8819495
8819505
8819507
8819513
8819743
8819747
8819765
8819781
8819783
8819827
8819867
8819859
8819885
8819951
8819975
8820135
8820255
8820571
8820605
8820695
8820701
8820765
8820823
8820837
8820851
8820883
8820905
8820991
8821075
8821115
8821157
8821365
8821445
8821491
8821585
8821599
8821613
8821669
8821687
8821709
8821817
8821979
8822007
8822059
8822091
8822129
8822151
8822297
8822301
8822305
8822351
8822373
8822409
8822477
8822503
8822515
8822573
8822583
8822585
8822599
8822609
8822803
8822805
8822847
8822853
8823009
8823035
8823053
8823063
8823089
8823143
8823183
8823201
8823219
8823449
8823463
8823533
8823635
8823687
8823693
8823737
8823811
8823879
8823905
8824055
8824089
8824273
8824339
8824395
8824479
8824609
8824611
8824615
8824837
8824901
8824981
8825125
8825311
8825355
8825405
8825419
8825431
8825451
8825501
8825499
8825525
8825801
8825873
8825965
8825991
8826031
8826049
8826099
8826137
8826141
8826177
8826189
8826185
8826191
8826193
8826245
8826537
8826647
8826773
8826775
8826833
8826831
8826871
8826891
8826929
8826949
8826951
8826965
8826979
8826985
8827053
8827063
8827117
8827153
8827175
8827217
8827219
8827299
8827349
8827505
8827529
8827535
8827595
8827607
8827633
8827709
8827765
8827941
8828011
8828125
8828359
8828369
8828371
8828385
8828387
8828463
8828503
8828529
8828567
8828591
8828605
8828603
8828705
8828729
8828749
8828753
8828799
8828825
8828827
8828921
8828943
8829019
8829041
8829049
8829177
8829191
8829483
8829679
8829731
8830177
8830191
8830215
8830251
8830307
8830309
8830387
8830385
8830389
8830435
8830479
8830553
8830577
8830663
8830667
8830701
8830715
8830735
8830785
8830909
8830929
8831247
8831389
8831567
8831569
8831595
8831663
8831681
8831731
8831747
8831759
8831865
8831867
8831943
8831965
8831981
8831985
8831993
8832091
8832103
8832159
8832235
8832241
8832415
8832459
8832473
8832485
8832495
8832497
8832499
8832527
8832529
8832547
8832585
8832583
8832593
8832607
8832655
8832681
8832685
8832691
8832701
8832731
8832751
8832793
8832849
8832893
8832939
8832947
8833057
8833069
8833083
8833089
8833115
8833159
8833261
8833351
8833361
8833415
8833441
8833439
8833453
8833463
8833465
8833491
8833571
8833593
8833615
8833659
8833671
8833707
8833711
8833771
8833789
8833799
8833809
8833813
8833821
8833881
8833897
8833907
8833973
8833977
8834007
8834017
8834053
8834065
8834071
8834105
8834117
8834129
8834131
8834139
8834169
8834245
8834283
8834313
8834409
8834499
8834527
8834603
8834653
8834689
8834699
8834715
8834721
8834807
8834811
8834857
8834869
8834879
8834897
8834905
8834931
8835309
8835481
8835513
8835527
8835539
8835547
8835549
8835579
8835687
8835729
8835749
8835751
8835761
8835795
8835805
8835859
8835881
8835883
8835937
8835967
8835989
8835987
8836039
8836287
8836389
8836587
8836593
8836625
8836707
8836769
8836777
8836781
8836821
8836829
8836841
8836865
8836883
8836893
8836995
8837023
8837087
8837101
8837125
8837669
8837691
8837775
8837781
8837787
8837793
8837807
8837823
8837829
8837867
8837911
8837979
8837985
8837995
8838225
8838247
8838275
8838391
8838457
8838533
8838573
8838591
8838619
8838621
8838659
8838715
8838725
8838749
8838753
8838757
8838939
8839017
8839043
8839065
8839081
8839099
8839117
8839183
8839225
8839223
8839261
8839275
8839327
8839347
8839367
8839411
8839465
8839539
8839637
8839657
8839789
8839817
8839839
8839879
8839903
8839917
8840003
8840029
8840027
8840127
8840183
8840179
8840197
8840225
8840237
8840275
8840281
8840305
8840417
8840453
8840475
8840487
8840555
8840601
8840615
8840665
8840689
8840713
8840715
8840757
8840819
8840833
8840839
8840881
8840891
8840899
8840949
8841013
8841077
8841151
8841153
8841169
8841199
8841227
8841225
8841233
8841263
8841281
8841405
8841537
8841535
8841619
8841643
8841679
8841695
8841707
8841725
8841797
8841875
8841949
8841981
8841997
8842025
8842037
8842045
8842059
8842067
8842081
8842093
8842113
8842115
8842133
8842155
8842169
8842283
8842361
8842395
8842401
8842503
8842505
8842501
8842499
8842575
8842611
8842615
8842629
8842659
8842705
8842709
8842715
8842729
8842733
8842747
8842753
8842769
8842767
8842807
8842831
8842835
8842833
8842845
8842921
8843027
8843033
8843039
8843041
8843049
8843053
8843057
8843051
8843061
8843063
8843065
8843069
8843071
8843059
8843073
8843081
8843067
8843131
8843257
8843289
8843295
8843313
8843325
8843333
8843335
8843353
8843371
8843381
8843393
8843409
8843413
8843431
8843445
8843447
8843467
8843485
8843499
8843509
8843527
8843533
8843719
8843739
8843743
8843829
8843833
8843853
8843835
8843855
8843857
8843881
8843887
8843933
8843951
8843959
8843979
8843991
8844005
8844011
8844017
8844023
8844025
8844027
8844031
8844029
8844037
8844041
8844059
8844093
8844161
8844187
8844233
8844251
8844299
8844303
8844315
8844317
8844327
8844417
8844423
8844429
8844631
8844633
8844639
8844657
8844709
8844703
8844731
8844739
8844737
8844765
8844891
8844893
8844895
8844897
8844913
8844911
8844925
8844977
8845027
8845037
8845053
8845061
8845075
8845095
8845139
8845187
8845193
8845203
8845277
8845385
8845437
8845609
8845663
8845703
8845715
8845817
8845867
8845879
8845891
8845901
8845941
8845947
8845953
8845955
8845977
8846003
8846007
8846103
8846205
8846283
8846289
8846315
8846319
8846371
8846373
8846387
8846415
8846423
8846455
8846459
8846477
8846527
8846537
8846551
8846555
8846565
8846567
8846577
8846583
8846585
8846599
8846615
8846617
8846619
8846661
8846701
8846719
8846749
8846817
8846869
8846957
8846963
8846967
8847073
8847129
8847137
8847269
8847293
8847299
8847305
8847419
8847425
8847439
8847445
8847451
8847453
8847511
8847769
8847781
8847997
8848003
8848009
8848087
8848111
8848115
8848121
8848129
8848139
8848151
8848207
8848209
8848215
8848231
8848323
8848509
8848529
8848545
8848623
8848765
8848771
8848831
8848867
8848869
8848897
8848933
8848915
8848929
8848903
8848931
8848913
8848907
8848905
8848901
8848899
8848911
8848927
8848925
8848919
8848935
8848969
8849021
8849027
8849029
8849095
8849149
8849183
8849197
8849195
8849245
8849253
8849261
8849275
8849277
8849291
8849307
8849365
8849379
8849403
8849485
8849591
8849621
8849793
8849813
8849861
8849893
8849871
8849865
8849881
8849885
8849879
8849875
8849883
8849897
8849867
8849895
8849891
8849889
8849877
8849873
8849887
8849869
8849923
8849937
8849945
8849955
8849957
8849967
8849977
8849983
8850001
8850005
8850021
8850017
8850023
8850033
8850047
8850049
8850065
8850075
8850151
8850183
8850255
8850353
8850425
8850427
8850437
8850507
8850585
8850579
8850671
8850713
8850733
8850763
8850773
8850799
8850815
8850823
8850847
8850861
8850905
8850901
8850917
8850937
8850953
8851041
8851055
8851149
8851269
8851277
8851305
8851437
8851459
8851467
8851491
8851549
8851573
8851637
8851641
8851655
8851677
8851719
8851759
8851773
8851781
8851783
8851909
8851957
8852009
8852029
8852075
8852129
8852145
8852289
8852363
8852365
8852405
8852487
8852485
8852569
8852605
8852615
8852633
8852641
8852669
8852859
8852873
8852973
8852991
8853011
8853251
8853257
8853359
8853341
8853287
8853289
8853319
8853415
8853327
8853325
8853339
8853389
8853371
8853465
8853475
8853383
8853473
8853385
8853381
8853387
8853399
8853397
8853417
8853489
8853505
8853519
8853559
8853585
8853581
8853661
8853709
8853711
8853739
8853747
8853799
8853809
8853847
8853851
8853981
8853997
8854045
8854151
8854169
8854283
8854303
8854359
8854403
8854411
8854443
8854495
8854521
8854525
8854535
8854539
8854573
8854621
8854649
8854673
8854747
8854809
8854811
8854989
8855015
8855133
8855239
8855247
8855283
8855323
8855335
8855367
8855373
8855375
8855395
8855445
8855471
8855487
8855513
8855615
8855771
8855791
8856333
8856493
8856503
8856507
8856517
8856535
8856557
8856563
8856567
8856573
8856605
8856619
8856625
8856669
8856705
8856737
8856755
8856817
8856889
8856955
8856967
8857071
8857101
8857131
8857147
8857157
8857209
8857251
8857473
8857471
8857477
8857487
8857619
8857615
8857641
8857711
8857729
8857761
8857771
8857823
8857827
8857843
8857865
8857891
8857911
8857959
8857961
8857963
8857971
8857977
8857995
8858023
8858171
8858273
8858281
8858405
8858411
8858453
8858463
8858475
8858507
8858529
8858533
8858545
8858543
8858553
8858559
8858581
8858585
8858597
8858601
8858609
8858617
8858675
8858741
8858917
8858925
8858965
8859083
8859101
8859099
8859107
8859219
8859241
8859249
8859247
8859265
8859281
8859287
8859307
8859305
8859313
8859315
8859365
8859423
8859477
8859481
8859511
8859715
8859741
8859753
8859773
8859765
8859855
8859911
8859919
8859937
8859967
8859969
8859975
8859979
8860015
8860017
8860039
8860049
8860053
8860067
8860123
8860329
8860355
8860389
8860457
8860455
8860469
8860555
8860545
8860633
8860629
8860611
8860719
8860799
8860855
8860877
8860893
8860895
8860925
8860931
8860965
8860967
8860979
8860991
8861019
8861051
8861067
8861157
8861297
8861425
8861469
8861473
8861507
8861549
8861561
8861563
8861573
8861607
8861621
8861641
8861675
8861667
8861671
8861677
8861719
8861727
8861729
8861785
8861799
8861805
8861841
8861881
8861891
8861963
8862051
8862097
8862099
8862101
8862105
8862131
8862133
8862141
8862163
8862165
8862197
8862211
8862213
8862231
8862243
8862313
8862389
8862433
8862553
8862695
8862725
8862737
8862755
8862775
8862783
8862793
8862805
8862811
8862821
8862823
8862871
8862883
8862911
8863009
8863153
8863183
8863191
8863193
8863199
8863201
8863203
8863231
8863253
8863255
8863359
8863287
8863275
8863273
8863271
8863297
8863321
8863399
8863445
8863455
8863461
8863469
8863447
8863481
8863533
8863571
8863593
8863609
8863625
8863627
8863649
8863665
8863661
8863703
8863713
8863783
8863785
8864193
8864207
8864211
8864247
8864333
8864465
8864485
8864503
8864527
8864547
8864579
8864627
8864653
8864673
8864675
8864687
8864733
8864787
8864837
8864857
8864869
8865007
8865033
8865117
8865221
8865227
8865271
8865313
8865319
8865611
8866019
8866045
8866047
8866049
8866059
8866065
8866117
8866181
8866223
8866329
8866487
8866525
8866543
8866549
8866581
8866583
8866585
8866613
8866621
8866789
8866831
8866875
8866957
8866989
8866995
8867043
8867081
8867209
8867251
8867321
8867329
8867335
8867477
8867523
8867525
8867627
8867637
8867651
8867655
8867665
8867669
8867677
8867679
8867709
8867729
8867793
8867825
8868051
8868069
8868251
8868335
8868347
8868371
8868441
8868519
8868527
8868537
8868541
8868559
8868565
8868603
8868709
8868823
8868839
8868845
8869077
8869109
8869203
8869421
8869457
8869471
8869563
8869565
8869567
8869569
8869615
8869657
8869663
8869683
8869701
8869791
8869819
8869831
8869871
8869999
8870047
8870075
8870081
8870123
8870169
8870235
8870255
8870335
8870369
8870373
8870387
8870411
8870417
8870445
8870531
8870539
8870763
8870773
8870881
8870923
8870991
8870989
8870987
8871001
8871003
8871115
8871391
8871397
8871403
8871401
8871499
8871535
8871577
8871647
8871653
8871669
8871677
8871721
8871723
8871741
8871755
8871763
8871773
8871783
8871837
8871855
8871861
8871871
8871895
8871913
8871931
8871951
8871977
8871991
8872031
8872033
8872035
8872059
8872101
8872215
8872235
8872277
8872319
8872323
8872329
8872347
8872355
8872373
8872411
8872417
8872425
8872431
8872477
8872485
8872483
8872511
8872519
8872593
8872661
8872693
8872709
8872717
8872731
8872897
8872931
8872975
8872977
8873053
8873109
8873131
8873137
8873163
8873169
8873175
8873177
8873191
8873189
8873265
8873349
8873617
8873621
8873623
8873687
8873751
8873759
8873809
8873931
8874005
8874029
8874041
8874091
8874095
8874093
8874099
8874113
8874115
8874119
8874139
8874161
8874195
8874201
8874203
8874219
8874303
8874373
8874421
8874435
8874571
8874631
8874669
8874697
8874699
8874725
8874775
8874839
8874841
8874855
8874867
8875023
8875095
8875117
8875181
8875185
8875243
8875271
8875337
8875335
8875359
8875405
8875409
8875425
8875447
8875471
8875497
8875499
8875659
8875661
8875763
8875769
8875807
8875823
8876011
8876055
8876073
8876203
8876219
8876251
8876289
8876297
8876303
8876379
8876383
8876397
8876413
8876417
8876441
8876455
8876465
8876523
8876557
8876579
8876597
8876637
8876695
8876751
8876761
8876779
8876787
8876793
8876821
8876889
8876895
8876911
8876915
8876919
8877021
8877085
8877089
8877141
8877163
8877179
8877189
8877195
8877207
8877213
8877215
8877219
8877249
8877269
8877273
8877285
8877339
8877343
8877363
8877395
8877507
8877503
8877487
8877505
8877515
8877559
8877697
8877703
8877729
8877775
8877823
8877833
8877885
8877887
8877907
8877909
8877935
8877939
8877955
8877983
8877989
8877991
8878011
8878025
8878047
8878063
8878139
8878157
8878165
8878167
8878183
8878185
8878227
8878265
8878457
8878497
8878583
8878607
8878609
8878625
8878663
8878673
8878683
8878709
8878779
8878795
8878849
8878867
8878879
8878911
8878985
8879017
8879027
8879069
8879103
8879105
8879249
8879291
8879317
8879319
8879325
8879323
8879349
8879363
8879375
8879377
8879391
8879397
8879441
8879497
8879499
8879757
8879775
8879785
8879791
8879797
8879803
8879813
8879887
8879949
8879971
8880007
8880013
8880041
8880097
8880269
8880387
8880423
8880455
8880567
8880569
8880571
8880637
8880663
8880683
8880699
8880703
8880747
8880815
8880851
8880853
8880861
8880869
8880913
8880911
8881011
8881019
8881023
8881123
8881131
8881135
8881153
8881155
8881165
8881173
8881207
8881219
8881245
8881275
8881281
8881283
8881293
8881307
8881319
8881323
8881343
8881345
8881419
8881423
8881457
8881473
8881485
8881489
8881505
8881511
8881559
8881561
8881585
8881591
8881599
8881619
8881617
8881621
8881657
8881679
8881827
8881913
8881993
8881995
8882005
8882033
8882119
8882153
8882159
8882161
8882207
8882201
8882215
8882231
8882259
8882263
8882287
8882329
8882357
8882365
8882371
8882469
8882477
8882777
8882789
8882797
8882833
8882917
8882933
8882937
8882943
8882961
8882973
8882997
8883047
8883115
8883117
8883283
8883337
8883339
8883463
8883473
8883513
8883547
8883589
8883595
8883663
8883671
8883765
8883815
8883825
8883875
8883877
8883955
8884043
8884041
8884167
8884203
8884243
8884303
8884311
8884337
8884339
8884353
8884361
8884379
8884401
8884407
8884409
8884543
8884545
8884631
8884643
8884749
8884781
8884787
8884791
8884869
8884933
8884931
8884943
8884993
8885007
8885015
8885021
8885027
8885029
8885033
8885035
8885065
8885077
8885093
8885095
8885103
8885105
8885109
8885129
8885153
8885155
8885157
8885203
8885245
8885257
8885331
8885335
8885369
8885387
8885411
8885431
8885437
8885439
8885519
8885523
8885529
8885531
8885553
8885555
8885561
8885611
8885613
8885797
8885799
8885807
8885829
8885943
8886101
8886137
8886197
8886317
8886333
8886343
8886367
8886435
8886443
8886489
8886497
8886531
8886549
8886581
8886589
8886607
8886907
8886889
8886887
8886901
8886909
8886935
8886951
8886957
8886955
8886975
8887005
8887007
8887065
8887187
8887203
8887207
8887215
8887217
8887263
8887265
8887273
8887347
8887367
8887499
8887535
8887527
8887555
8887613
8887663
8887683
8887729
8887753
8887755
8887777
8887783
8887795
8887841
8887951
8887977
8887981
8887987
8888007
8888023
8888159
8888219
8888245
8888253
8888291
8888371
8888435
8888445
8888471
8888499
8888521
8888535
8888575
8888617
8888933
8888963
8888969
8889011
8889181
8889235
8889357
8889359
8889361
8889379
8889433
8889449
8889487
8889499
8889501
8889533
8889615
8889637
8889681
8889729
8889907
8889909
8889941
8889999
8890009
8890011
8890043
8890057
8890063
8890091
8890193
8890219
8890285
8890317
8890319
8890323
8890333
8890371
8890387
8890393
8890401
8890415
8890439
8890483
8890623
8890731
8890885
8890941
8890959
8890995
8891149
8891183
8891197
8891241
8891759
8891757
8891817
8891935
8892055
8892071
8892117
8892139
8892213
8892217
8892223
8892229
8892257
8892265
8892271
8892137
8892417
8892599
8892995
8893051
8893047
8893061
8893093
8893117
8893123
8893157
8893207
8893473
8893541
8893617
8893697
8893695
8893699
8893703
8893705
8893707
8893713
8893717
8893719
8893721
8893723
8893725
8893665
8893715
8893731
8893783
8893807
8893815
8893819
8893823
8893821
8893825
8893875
8893887
8893927
8893929
8893959
8893961
8893971
8894073
8894121
8894131
8894145
8894157
8894163
8894229
8894245
8894257
8894259
8894277
8894407
8894455
8894589
8894637
8894701
8894727
8894773
8894865
8894877
8895035
8895041
8895061
8895195
8895239
8895257
8895259
8895309
8895417
8895419
8895455
8895473
8895601
8895653
8895751
8895827
8895927
8895937
8895991
8896189
8896213
8896277
8896369
8896413
8896559
8896723
8896733
8896763
8896767
8896839
8896849
8896939
8897167
8897267
8897295
8897307
8897419
8897471
8897487
8897977
8897979
8898053
8898173
8898175
8898183
8898211
8898213
8898181
8898267
8898271
8898269
8898285
8898287
8898289
8898295
8898277
8898307
8898483
8898563
8898609
8898673
8898767
8898885
8898911
8898925
8898935
8898975
8899131
8899165
8899181
8899189
8899187
8899271
8899273
8899277
8899307
8899349
8899415
8899431
8899447
8899515
8899605
8899609
8899675
8899677
8899679
8899685
8899723
8899741
8899771
8899793
8899803
8899805
8899819
8899915
8899975
8900007
8900075
8900095
8900133
8900221
8900233
8900245
8900249
8900263
8900289
8900301
8900315
8900395
8900431
8900427
8900441
8900467
8900481
8900483
8900485
8900537
8900557
8900559
8900859
8900865
8900887
8901019
8901163
8901201
8901245
8901247
8901259
8901261
8901263
8901277
8901279
8901281
8901283
8901287
8901353
8901359
8901657
8901649
8901651
8901665
8901669
8901671
8901697
8901667
8901691
8901707
8901689
8901695
8901713
8901727
8901759
8901761
8901765
8901851
8901873
8901875
8901915
8901927
8901933
8902029
8902039
8902055
8902483
8902411
8902439
8902455
8902457
8902535
8902581
8902583
8902619
8902681
8902685
8902767
8902901
8902961
8903441
8903555
8903613
8903621
8903617
8903693
8907895
8907925
8907979
8907957
8907977
8907993
8907989
8908079
8908081
8908123
8908141
8908157
8908167
8908263
8908277
8908331
8908381
8908421
8908453
8908493
8908491
8908559
8908579
8908647
8908679
8908721
8908719
8908727
8908807
8908813
8908967
8908993
8909031
8909033
8909105
8909123
8909125
8909149
8909157
8909161
8907839
8909165
8907857
8907893
8907899
8909177
8907907
8907909
8907919
8907935
8907945
8909209
8907955
8909217
8908025
8909259
8909261
8908823
8909285
8909287
8909339
8909355
8909371
8909413
8909415
8909417
8909423
8909435
8909497
8909501
8909503
8909515
8909547
8909583
8909641
8909691
8909711
8909747
8909753
8909781
8909791
8909803
8909817
8909825
8909865
8909913
8910061
8910065
8910147
8910153
8910175
8910251
8910271
8910307
8910313
8910317
8910323
8910327
8910329
8910331
8910333
8910335
8910311
8910339
8910345
8910349
8910353
8910357
8910359
8910363
8910365
8910361
8910369
8910367
8910375
8910377
8910381
8910383
8910387
8910379
8910389
8910393
8910399
8910397
8910395
8910401
8910407
8910373
8910409
8910425
8910405
8910431
8910437
8910391
8910445
8910403
8910449
8910447
8910455
8910457
8910459
8910461
8910463
8910465
8910469
8910475
8910481
8910483
8910487
8910491
8910493
8910489
8910443
8910421
8910505
8910543
8910513
8910515
8910521
8910525
8910585
8910531
8910535
8910529
8910537
8910533
8910553
8910557
8910523
8910563
8910567
8910549
8910569
8910581
8910589
8910593
8910595
8910597
8910605
8910613
8910619
8910621
8910627
8910625
8910629
8910631
8911017
8912333
8912415
8912421
8912427
8912475
8912477
8912469
8912509
8912529
8912533
8912643
8912649
8912879
8911531
8911545
8912955
8913065
8913251
8913281
8911801
8911797
8911809
8913401
8913439
8913515
8913531
8913567
8913569
8911971
8911987
8911991
8911989
8911999
8913647
8913631
8913673
8913661
8912023
8912027
8912037
8913843
8913871
8913903
8913925
8912249
8912343
8912359
8912361
8912367
8912369
8912373
8912377
8912387
8912379
8912397
8912395
8912429
8914327
8912433
8912461
8912455
8912471
8912479
8912483
8912495
8912491
8912505
8914373
8914385
8912515
8912531
8912525
8912527
8912539
8912549
8912545
8912553
8914277
8912561
8912547
8912559
8912581
8912577
8914457
8912569
8912601
8912593
8912589
8912603
8914473
8912591
8912609
8912599
8912595
8912613
8912615
8914489
8912611
8912617
8912627
8912619
8912631
8912629
8912655
8914517
8912659
8912645
8914519
8912669
8912671
8912681
8914537
8912679
8912683
8912695
8914551
8912705
8914573
8914569
8914709
8912949
8912965
8912967
8912979
8912995
8912999
8913003
8913005
8913007
8913015
8913033
8913027
8913049
8913055
8913043
8913059
8913063
8913067
8913057
8913091
8913097
8913105
8913107
8913127
8913137
8913159
8913161
8913179
8913173
8913189
8913197
8913207
8913201
8913211
8913231
8913245
8913249
8913259
8913261
8913275
8913291
8913301
8913305
8913377
8913411
8913417
8913427
8913433
8913451
8913453
8913463
8913477
8913467
8913465
8913489
8913499
8913493
8913507
8913485
8913513
8913517
8913527
8913521
8913539
8913551
8913541
8913557
8913545
8913561
8913563
8913577
8913565
8913587
8913591
8913593
8913597
8913605
8913613
8913621
8913603
8913637
8913623
8913627
8913617
8913639
8913655
8913643
8913663
8913667
8913657
8913683
8913677
8913685
8913693
8913699
8913691
8913705
8913711
8913713
8913721
8913729
8913733
8913717
8913757
8913761
8913749
8913783
8913781
8913793
8913791
8913805
8913811
8913799
8913819
8913831
8913841
8913855
8913861
8913865
8913893
8913885
8913887
8913895
8913929
8913933
8913939
8913945
8913955
8913963
8913967
8913965
8913991
8913993
8913999
8914017
8914037
8914025
8914169
8914231
8914235
8914227
8914267
8914279
8914295
8914305
8914303
8914317
8914329
8914337
8914339
8914365
8914383
8914391
8914397
8914405
8914409
8914433
8914415
8914441
8914443
8914447
8914471
8914535
8917719
8914561
8914575
8914589
8914595
8914593
8914609
8914613
8914621
8914629
8914633
8914641
8914667
8914671
8914665
8914677
8914679
8914681
8914693
8914703
8914711
8914713
8914721
8914737
8914739
8914747
8914751
8914959
8914977
8920007
8920183
8920609
8920641
